V 2 -76.9297 38.8925

V 19 -77.0194 38.8983

V 58 -77.0297 38.9622

V 76 -77.0261 38.9686

V 112 -77.0001 38.8404

V 146 -77.0385 38.9104

V 170 -76.9955 38.8495

V 192 -76.9836 38.8993

V 200 -77.0128 38.951

V 220 -76.9806 38.9331

V 239 -77.0281 38.9013

V 269 -76.9657 38.9341

V 280 -77.0799 38.964

V 293 -77.0355 38.9476

V 363 -76.9531 38.8674

V 401 -77.0429 38.9134

V 430 -77.0191 38.9399

V 441 -76.9817 38.8691

V 467 -76.9966 38.9473

V 478 -76.9774 38.8707

V 495 -77.0138 38.9748

V 534 -77.0374 38.8984

V 556 -77.0341 38.9235

V 573 -77.0721 38.9507

V 596 -76.9967 38.8967

V 624 -76.9902 38.9013

V 639 -77.0756 38.9144

V 650 -77.0932 38.9521

V 668 -77.0351 38.8964

V 678 -77.0334 38.8841

V 696 -77.0702 38.954

V 710 -77.082 38.951

V 725 -77.0409 38.9478

V 743 -77.0182 38.8454

V 778 -77.0949 38.9493

V 793 -76.9269 38.8932

V 808 -77.0317 38.8798

V 833 -77.0502 38.8865

V 900 -77.0291 38.9839

V 922 -77.0257 38.9254

V 936 -77.0436 38.9414

V 982 -77.056 38.9675

V 1023 -77.0417 38.896

V 1044 -76.9594 38.8724

V 1075 -76.9839 38.9046

V 1088 -77.0373 38.9885

V 1120 -77.0214 38.9736

V 1135 -77.0117 38.9487

V 1170 -76.9643 38.9293

V 1186 -77.0005 38.9642

V 1212 -77.0186 38.9421

V 1236 -76.9881 38.9453

V 1253 -77.0455 38.9057

V 1288 -77.0918 38.9303

V 1336 -76.9832 38.8955

V 1351 -77.0259 38.9269

V 1360 -76.9779 38.8841

V 1424 -76.9123 38.8924

V 1454 -77.0526 38.8925

V 1471 -77.0296 38.9181

V 1494 -76.9192 38.8972

V 1514 -77.0327 38.9465

V 1563 -76.9829 38.8887

V 1573 -77.0553 38.9283

V 1590 -76.9576 38.8605

V 1615 -77.0709 38.9368

V 1628 -77.0548 38.9152

V 1638 -76.9929 38.9229

V 1647 -77.0599 38.9093

V 1685 -76.971 38.8744

V 1694 -77.0648 38.9386

V 1725 -77.0828 38.9529

V 1758 -77.0298 38.9486

V 1777 -76.9862 38.8605

V 1793 -77.0126 38.9627

V 1823 -77.0514 38.9025

V 1832 -76.9845 38.8875

V 1849 -77.0372 38.9111

V 1864 -77.0417 38.9073

V 1882 -76.9937 38.8559

V 1927 -77.0402 38.9231

V 1943 -77.0166 38.9613

V 1960 -77.0269 38.8831

V 2054 -77.0341 38.9814

V 2075 -77.0651 38.9585

V 2101 -76.9742 38.9224

V 2113 -76.9338 38.9015

V 2126 -77.026 38.8842

V 2132 -77.0364 38.944

V 2150 -77.0537 38.8955

V 2190 -76.9224 38.8987

V 2222 -76.9866 38.9202

V 2250 -77.0304 38.9141

V 2260 -76.9855 38.8775

V 2309 -77.0145 38.9166

V 2321 -77.0085 38.9557

V 2450 -76.9568 38.9174

V 2485 -77.0255 38.9516

V 2513 -76.9887 38.9136

V 2524 -76.9838 38.9214

V 2560 -76.9468 38.8637

V 2584 -77.0028 38.9609

V 2622 -76.9378 38.8727

V 2653 -77.0778 38.9127

V 2661 -77.086 38.9093

V 2674 -77.0218 38.9564

V 2694 -77.0233 38.965

V 2710 -77.054 38.9038

V 2722 -77.0792 38.9127

V 2765 -77.0803 38.9247

V 2786 -77.0214 38.9724

V 2805 -77.0222 38.9469

V 2837 -77.0992 38.943

V 2904 -77.0771 38.9577

V 2930 -77.027 38.9126

V 2938 -76.9837 38.913

V 2955 -77.0349 38.9259

V 2966 -77.0219 38.9617

V 3000 -77.0533 38.8994

V 3011 -76.9902 38.8936

V 3031 -77.0281 38.9072

V 3134 -76.9813 38.8928

V 3158 -77.0722 38.9645

V 3189 -76.998 38.8242

V 3201 -76.9778 38.8881

V 3211 -76.9613 38.8771

V 3224 -77.0504 38.9119

V 3248 -77.0256 38.9758

V 3260 -76.9932 38.8434

V 3284 -77.0147 38.9101

V 3300 -77.0152 38.9092

V 3319 -76.9392 38.8934

V 3364 -77.0054 38.9186

V 3375 -77.0096 38.9156

V 3393 -77.0271 38.904

V 3411 -77.0797 38.9497

V 3433 -76.9762 38.9213

V 3473 -77.0173 38.94

V 3490 -77.0339 38.9413

V 3515 -77.0308 38.9151

V 3536 -76.9329 38.891

V 3548 -76.9621 38.9251

V 3586 -77.0211 38.8773

V 3601 -77.0138 38.8876

V 3633 -76.937 38.9061

V 3645 -76.9811 38.8861

V 3660 -77.0843 38.9448

V 3684 -77.0798 38.9219

V 3751 -76.9837 38.9397

V 3775 -77.0101 38.9394

V 3805 -77.034 38.9611

V 3853 -77.0363 38.9874

V 3886 -77.0732 38.9286

V 3902 -77 38.8909

V 3933 -77.0245 38.9093

V 3980 -77.021 38.8444

V 4028 -76.9434 38.9047

V 4044 -77.0895 38.9209

V 4062 -76.9728 38.8555

V 4076 -77.0346 38.9524

V 4093 -77.0291 38.9535

V 4112 -77.0703 38.9654

V 4141 -76.9623 38.8616

V 4157 -76.9938 38.9006

V 4168 -77.0985 38.9463

V 4194 -76.9614 38.9187

V 4230 -76.9846 38.9145

V 4249 -77.0803 38.9624

V 4279 -77.0217 38.9548

V 4301 -77.0269 38.8831

V 4328 -77.0271 38.8823

V 4426 -76.9925 38.8299

V 4478 -77.112 38.9374

V 4507 -77.0912 38.9455

V 4524 -76.961 38.8629

V 4547 -76.969 38.8707

V 4558 -77.0164 38.9532

V 4577 -77.0778 38.9649

V 4608 -77.0382 38.9352

V 4626 -76.9683 38.9273

V 4682 -77.0038 38.838

V 4701 -76.9937 38.9324

V 4752 -77.002 38.9166

V 4773 -76.9663 38.8708

V 4789 -76.9296 38.8838

V 4810 -76.9901 38.8415

V 4824 -76.9806 38.9357

V 4853 -76.9559 38.8689

V 4888 -77.027 38.9061

V 4907 -77.0308 38.9002

V 4926 -77.003 38.8827

V 4958 -77.0273 38.9312

V 4973 -77.0297 38.9608

V 4984 -76.9573 38.8651

V 5009 -76.95 38.8997

V 5023 -77.0199 38.9753

V 5038 -76.9325 38.8877

V 5087 -76.9317 38.9026

V 5100 -76.9592 38.8942

V 5129 -76.9327 38.9034

V 5142 -76.995 38.9274

V 5169 -77.0227 38.8823

V 5199 -77.0395 38.9261

V 5225 -76.9557 38.8948

V 5245 -76.9737 38.9158

V 5258 -77.026 38.8983

V 5273 -76.9788 38.9278

V 5286 -76.953 38.8916

V 5304 -76.979 38.8694

V 5315 -76.9773 38.8869

V 5340 -77.0265 38.9579

V 5365 -77.0686 38.9346

V 5377 -77.0064 38.8261

V 5395 -77.0281 38.8876

V 5414 -76.9737 38.9407

V 5433 -77.0689 38.9698

V 5459 -77.0077 38.9495

V 5471 -77.0657 38.9465

V 5501 -77.0488 38.9184

V 5577 -76.9129 38.8956

V 5591 -77.0259 38.9318

V 5652 -76.945 38.893

V 5675 -76.9883 38.9429

V 5711 -77.0364 38.9408

V 5736 -77.0444 38.9238

V 5755 -76.9746 38.9026

V 5786 -77.0001 38.9593

V 5817 -76.9931 38.9407

V 5838 -77.0257 38.9548

V 5862 -77.0254 38.9086

V 5883 -76.988 38.9429

V 5905 -77.0297 38.9397

V 5917 -76.9356 38.9024

V 5933 -76.9744 38.8695

V 5946 -77.0126 38.8907

V 5959 -77.0035 38.9148

V 5978 -77.0693 38.9137

V 6000 -76.9116 38.8933

V 6021 -76.9467 38.8828

V 6042 -77.0185 38.8264

V 6080 -77.0357 38.9573

V 6104 -76.9468 38.866

V 6120 -77.0533 38.9036

V 6132 -77.0036 38.8293

V 6310 -77.029 38.9703

V 6346 -76.9878 38.8882

V 6370 -77.087 38.9091

V 6389 -77.0245 38.9787

V 6406 -77.0273 38.9472

V 6422 -77.0096 38.873

V 6453 -77.0488 38.9053

V 6468 -76.9578 38.917

V 6482 -76.9849 38.8973

V 6517 -77.0051 38.9235

V 6538 -77.009 38.9548

V 6575 -77.0152 38.8983

V 6600 -77.0712 38.9721

V 6621 -77.0302 38.9419

V 6660 -76.9596 38.8565

V 6685 -77.0341 38.9578

V 6706 -77.0911 38.9127

V 6737 -77.0106 38.8784

V 6751 -77.0624 38.9072

V 6777 -76.9573 38.9147

V 6818 -77.085 38.9484

V 6840 -76.9403 38.9061

V 6867 -77.0481 38.9216

V 6886 -77.0228 38.9564

V 6923 -77.0193 38.9559

V 6938 -76.9817 38.8849

V 6959 -76.9914 38.9463

V 6975 -76.9633 38.9353

V 6997 -76.9777 38.9464

V 7013 -76.9468 38.8675

V 7032 -76.9391 38.9081

V 7073 -77.0786 38.9285

V 7085 -77.0319 38.9211

V 7112 -77.0146 38.9176

V 7149 -77.0076 38.9655

V 7174 -77.0092 38.8218

V 7238 -77.007 38.946

V 7472 -77.0389 38.9146

V 7484 -77.0709 38.9247

V 7505 -77.0008 38.9073

V 7535 -77.0558 38.9016

V 7576 -76.9209 38.8883

V 7619 -77.0015 38.8462

V 7640 -77.0153 38.94

V 7666 -77.0166 38.9486

V 7697 -77.0886 38.9467

V 7712 -77.0334 38.9584

V 7724 -77.0501 38.9037

V 7738 -77.0199 38.8928

V 7757 -76.9892 38.9041

V 7800 -76.9875 38.8367

V 7819 -76.9859 38.9223

V 7842 -76.9749 38.9227

V 7867 -77.0237 38.9498

V 7878 -77.0051 38.9176

V 7941 -76.9883 38.8933

V 7953 -77.0265 38.9082

V 7985 -77.0183 38.8712

V 8010 -76.9915 38.8936

V 8045 -76.955 38.8937

V 8056 -76.9364 38.9037

V 8078 -77.0027 38.8941

V 8088 -77.034 38.9043

V 8138 -76.9732 38.8875

V 8183 -77.0245 38.9145

V 8201 -77.028 38.9238

V 8214 -77.0737 38.9159

V 8223 -76.9915 38.8957

V 8234 -77.018 38.9288

V 8263 -77.0782 38.9159

V 8294 -77.0932 38.9413

V 8324 -77.0369 38.917

V 8341 -76.9938 38.8909

V 8349 -76.9586 38.8828

V 8387 -77.0269 38.9838

V 8438 -76.9562 38.9158

V 8456 -76.98 38.9383

V 8471 -76.9419 38.8676

V 8489 -76.9717 38.853

V 8544 -76.9808 38.8898

V 8568 -77.0657 38.9546

V 8602 -76.9299 38.8962

V 8649 -77.0121 38.824

V 8665 -77.0771 38.9584

V 8677 -76.9727 38.9234

V 8692 -77.0012 38.9311

V 8709 -77.021 38.9086

V 8722 -77.0758 38.9322

V 8752 -77.0395 38.8983

V 8791 -76.979 38.9033

V 8804 -77.0085 38.9193

V 8819 -76.9338 38.8857

V 8833 -77.0108 38.9072

V 8857 -77.0143 38.9042

V 8915 -77.032 38.9568

V 8940 -76.9307 38.9033

V 8986 -76.9749 38.9134

V 9015 -77.0767 38.9597

V 9034 -76.985 38.8961

V 9059 -77.0202 38.9515

V 9101 -77.025 38.9398

V 9110 -77.0085 38.9267

V 9127 -76.9921 38.8649

V 9152 -77.0175 38.8444

V 9167 -77.0644 38.964

V 9210 -76.9275 38.9056

V 9245 -77.0253 38.8173

V 9257 -77.0292 38.9472

V 9275 -76.9817 38.9286

V 9286 -77.0189 38.9042

V 9314 -77.0006 38.8832

V 9341 -77.0189 38.9053

V 9400 -77.0136 38.8775

V 9424 -76.9377 38.9085

V 9439 -77.0137 38.8646

V 9458 -77.0322 38.9732

V 9557 -77.0254 38.9185

V 9572 -77.0166 38.9427

V 9586 -77.0091 38.9119

V 9597 -77.019 38.9374

V 9618 -76.9995 38.886

V 9634 -77.032 38.886

V 9649 -77.0771 38.9324

V 9663 -77.0193 38.9447

V 9686 -77.047 38.9215

V 9699 -76.9833 38.8533

V 9751 -76.9802 38.924

V 9772 -77.0326 38.9145

V 9796 -77.0059 38.9065

V 9809 -77.0297 38.9857

V 9860 -76.9902 38.8924

V 9891 -77.0219 38.8264

V 9907 -77.0335 38.949

V 9928 -77.0297 38.9258

V 9968 -77.0634 38.9323

V 9999 -76.9452 38.8849

V 10011 -76.9966 38.8729

V 10048 -77.0375 38.9337

V 10056 -76.9984 38.9262

V 10068 -77.0054 38.9391

V 10083 -77.0225 38.9398

V 10113 -76.9773 38.9418

V 10123 -77.0089 38.9181

V 10156 -76.9995 38.8784

V 10173 -77.0178 38.9138

V 10193 -76.9261 38.8908

V 10208 -77.0199 38.9638

V 10222 -77.0253 38.9472

V 10245 -76.9704 38.8715

V 10256 -77.002 38.9021

V 10276 -77.0191 38.951

V 10293 -76.9637 38.9234

V 10319 -76.9977 38.8252

V 10340 -76.9964 38.8633

V 10377 -76.9727 38.853

V 10419 -76.991 38.8407

V 10606 -77.0183 38.9326

V 10626 -77.0199 38.9704

V 10655 -76.9377 38.8961

V 10675 -77.0692 38.9698

V 10707 -77.0886 38.9335

V 10725 -77.0189 38.9057

V 10741 -76.9962 38.9256

V 10764 -77.0128 38.97

V 10811 -77.0197 38.942

V 10840 -76.9739 38.8955

V 10860 -77.0148 38.9749

V 10880 -77.0333 38.9364

V 10896 -77.0357 38.9699

V 10929 -77.0116 38.9126

V 10974 -77.0229 38.9504

V 10991 -76.9737 38.9432

V 11001 -77.027 38.8983

V 11016 -76.9995 38.9065

V 11056 -77.0172 38.8288

V 11070 -76.9779 38.8449

V 11089 -77.0226 38.9531

V 11107 -77.0245 38.9758

V 11120 -77.0435 38.9002

V 11132 -77.067 38.964

V 11149 -76.9846 38.8887

V 11173 -76.9984 38.897

V 11194 -77.0051 38.917

V 11217 -77.0237 38.9613

V 11240 -76.9946 38.9573

V 11253 -77.0053 38.8325

V 11307 -76.9607 38.8761

V 11317 -77.1012 38.9462

V 11340 -77.0135 38.9523

V 11354 -76.9867 38.9013

V 11385 -77.0087 38.827

V 11408 -77.0119 38.8986

V 11438 -76.9521 38.8888

V 11455 -76.9191 38.8986

V 11465 -77.0379 38.9032

V 11481 -76.9575 38.8936

V 11509 -76.9552 38.8642

V 11526 -76.9883 38.9389

V 11552 -76.9722 38.8958

V 11563 -77.0122 38.8713

V 11576 -76.9677 38.8768

V 11608 -76.9595 38.9244

V 11618 -76.9901 38.9062

V 11642 -76.9757 38.9418

V 11666 -76.9727 38.9336

V 11679 -77.0466 38.9062

V 11708 -76.9137 38.894

V 11726 -77.0664 38.9645

V 11768 -76.9343 38.9015

V 11786 -77.0668 38.9621

V 11856 -77.0168 38.8361

V 11889 -77.0006 38.8817

V 11914 -77.0084 38.916

V 11929 -77.0292 38.9369

V 11958 -76.9378 38.8964

V 11971 -77.0205 38.8991

V 11986 -77.0237 38.9602

V 12124 -77.0019 38.8619

V 12149 -76.9953 38.8275

V 12173 -76.9951 38.864

V 12308 -77.0122 38.873

V 12326 -76.9991 38.9551

V 12335 -77.071 38.9654

V 12366 -76.9762 38.9034

V 12415 -77.0352 38.9539

V 12450 -76.9409 38.9005

V 12476 -77.0707 38.9448

V 12498 -76.9967 38.8917

V 12526 -76.9205 38.8865

V 12548 -76.9216 38.8869

V 12584 -77.0127 38.9057

V 12596 -77.0662 38.961

V 12621 -77.0095 38.9678

V 12652 -77.0921 38.9215

V 12675 -77.0103 38.9057

V 12692 -76.9354 38.8726

V 12737 -77.0257 38.9541

V 12748 -77.027 38.9305

V 12774 -76.9949 38.8564

V 12819 -77.027 38.916

V 12844 -76.9722 38.9341

V 12892 -77.0183 38.9049

V 12915 -77.0862 38.9467

V 12939 -76.9732 38.8715

V 12966 -77.0303 38.9456

V 12984 -77.1104 38.9324

V 13010 -76.9832 38.8881

V 13030 -76.9565 38.8582

V 13051 -77.0479 38.9194

V 13080 -77.0346 38.9052

V 13106 -77.0097 38.9133

V 13128 -76.9109 38.8932

V 13147 -76.9727 38.9356

V 13172 -77.0843 38.9444

V 13211 -77.0119 38.9457

V 13234 -76.9359 38.9093

V 13261 -76.9825 38.9305

V 13282 -77.0044 38.9429

V 13316 -77.0771 38.9211

V 13335 -76.9366 38.9015

V 13360 -77.0709 38.9226

V 13400 -76.9575 38.8836

V 13419 -77.0224 38.969

V 13429 -76.9742 38.8902

V 13495 -76.9583 38.9298

V 13536 -77.0059 38.8835

V 13559 -77.0558 38.9069

V 13576 -77.0239 38.9425

V 13634 -76.979 38.8854

V 13644 -76.9767 38.8897

V 13674 -77.0074 38.9244

V 13715 -77.0582 38.9085

V 13774 -77.0122 38.9107

V 13797 -77.0653 38.9073

V 13810 -77.025 38.9049

V 13828 -77.0237 38.9382

V 13844 -77.0741 38.9467

V 13856 -76.9257 38.8867

V 13930 -77.0082 38.8401

V 13942 -76.9939 38.8358

V 13963 -77.0162 38.8973

V 14007 -76.9328 38.8863

V 14044 -76.987 38.8562

V 14121 -77.0455 38.9313

V 14150 -76.9938 38.8813

V 14163 -76.9985 38.8301

V 14192 -77.0855 38.9391

V 14212 -77.0687 38.9121

V 14240 -77.0224 38.9632

V 14269 -77.011 38.9587

V 14282 -76.9178 38.8946

V 14399 -76.9903 38.9383

V 14433 -77.0994 38.9463

V 14495 -76.9596 38.8573

V 14530 -76.9814 38.8617

V 14541 -77.0308 38.9458

V 14555 -77.0372 38.9832

V 14618 -76.9839 38.8552

V 14630 -77.0886 38.9289

V 14648 -77.0652 38.9533

V 14663 -77.0257 38.9444

V 14681 -77.0324 38.92

V 14731 -76.979 38.922

V 14778 -77.0121 38.832

V 14808 -77.0413 38.9261

V 14834 -77.0116 38.9174

V 14885 -77.0206 38.928

V 14940 -77.0241 38.9457

V 14960 -76.9796 38.8573

V 14993 -77.0471 38.9133

V 15043 -76.9719 38.9037

V 15055 -77.0242 38.9597

V 15073 -76.9894 38.8421

V 15114 -77.0979 38.9166

V 15154 -76.9757 38.8998

V 15197 -76.9466 38.8984

V 15285 -77.0122 38.8793

V 15295 -76.9842 38.9426

V 15310 -76.9938 38.8965

V 15327 -76.9259 38.8976

V 15339 -77.0144 38.9443

V 15372 -77.077 38.9448

V 15426 -77.1092 38.9286

V 15440 -77.0006 38.8898

V 15452 -77.0962 38.9403

V 15569 -76.9841 38.9037

V 15613 -76.9919 38.8351

V 15643 -77.0684 38.9658

V 15657 -76.9339 38.8743

V 15676 -76.9123 38.8933

V 15770 -77.0069 38.9561

V 15830 -77.0166 38.9389

V 15849 -76.9822 38.8931

V 15861 -76.9943 38.9017

V 15882 -77.0705 38.9702

V 15898 -77.0393 38.9203

V 15936 -77.0664 38.9373

V 15951 -77.0387 38.9424

V 15970 -77.0134 38.8781

V 16018 -77.0681 38.9398

V 16037 -77.0662 38.9557

V 16088 -77.0199 38.8442

V 16112 -77.0649 38.9432

V 16151 -76.9654 38.8758

V 16172 -76.9915 38.8868

V 16185 -76.9683 38.8651

V 16199 -77.0699 38.9247

V 16238 -77.0234 38.953

V 16265 -77.0531 38.8987

V 16286 -76.9313 38.8758

V 16301 -77.0346 38.9097

V 16323 -76.9962 38.9033

V 16341 -77.0209 38.9003

V 16366 -77.0612 38.911

V 16378 -76.9732 38.853

V 16387 -77.0235 38.9156

V 16418 -77.0373 38.9597

V 16435 -76.9717 38.9362

V 16463 -76.9758 38.8988

V 16511 -76.9842 38.8429

V 16538 -76.9971 38.9594

V 16557 -77.0467 38.902

V 16583 -77.0568 38.937

V 16622 -77.0266 38.9847

V 16655 -76.9678 38.8677

V 16678 -77.0949 38.951

V 16696 -76.9956 38.8973

V 16741 -77.0365 38.9101

V 16782 -77.0162 38.8784

V 16830 -77.0132 38.9052

V 16839 -76.9945 38.9031

V 16851 -77.0926 38.9475

V 16876 -77.0141 38.8357

V 16900 -76.9962 38.8955

V 16917 -76.9261 38.8847

V 16986 -77.044 38.9347

V 16995 -77.0428 38.9354

V 17035 -77.0719 38.9436

V 17062 -76.9419 38.884

V 17084 -76.9791 38.9067

V 17097 -76.9992 38.921

V 17133 -77.0351 38.9771

V 17155 -77.0373 38.934

V 17188 -76.9317 38.9034

V 17205 -77.002 38.8989

V 17247 -77.0943 38.9334

V 17273 -77.0747 38.9298

V 17289 -76.9204 38.9003

V 17305 -77.0434 38.9076

V 17327 -76.9699 38.8739

V 17342 -77.0698 38.9492

V 17385 -77.0036 38.9002

V 17406 -77.0709 38.937

V 17432 -76.9861 38.86

V 17456 -77.0837 38.9078

V 17509 -76.9561 38.9163

V 17539 -76.9722 38.9385

V 17556 -77.0344 38.986

V 17575 -76.9421 38.8849

V 17589 -76.9557 38.8568

V 17602 -76.9874 38.9016

V 17646 -77.0337 38.8849

V 17660 -77.002 38.9193

V 17681 -76.9937 38.928

V 17707 -77.0719 38.944

V 17730 -77.0973 38.9463

V 17742 -77.0131 38.8435

V 17753 -77.0333 38.9136

V 17771 -77.025 38.9498

V 17787 -77.0185 38.9152

V 17806 -77.0309 38.9584

V 17827 -76.9812 38.9192

V 17839 -76.9871 38.8936

V 17879 -77.0224 38.9178

V 17972 -76.9713 38.8916

V 18002 -77.026 38.9513

V 18027 -76.9647 38.9362

V 18048 -76.9856 38.9426

V 18068 -77.0265 38.94

V 18082 -77.0291 38.9503

V 18114 -77.0038 38.9566

V 18135 -77.0232 38.9484

V 18146 -76.9786 38.9138

V 18159 -77.0199 38.9122

V 18186 -77.0601 38.9024

V 18228 -76.9748 38.8864

V 18283 -76.941 38.8923

V 18345 -77.0271 38.9568

V 18374 -77.0209 38.9101

V 18396 -77.0163 38.8328

V 18418 -76.999 38.9006

V 18456 -76.9869 38.8602

V 18471 -76.9817 38.9442

V 18490 -77.0092 38.9457

V 18501 -77.0616 38.9356

V 18523 -77.0223 38.9569

V 18539 -77.0308 38.9141

V 18559 -77.0808 38.9554

V 18579 -77.0011 38.8361

V 18599 -77.0233 38.9709

V 18611 -77.0222 38.943

V 18651 -76.9855 38.8832

V 18666 -76.9575 38.8864

V 18683 -77.0628 38.9026

V 18708 -77.0118 38.8385

V 18717 -77.0427 38.982

V 18737 -77.0267 38.9387

V 18773 -76.9268 38.9061

V 18805 -76.9869 38.842

V 18829 -76.9665 38.9218

V 18850 -76.9895 38.8598

V 18904 -76.9741 38.8894

V 18954 -76.9822 38.8665

V 18996 -76.9915 38.8772

V 19033 -76.982 38.8981

V 19047 -77.0747 38.9327

V 19064 -77.0261 38.8169

V 19106 -77.0296 38.9813

V 19127 -77.0099 38.8746

V 19347 -77.026 38.8824

V 19402 -77.0105 38.9627

V 19423 -77.0254 38.9827

V 19441 -76.9674 38.9224

V 19456 -76.9823 38.8803

V 19468 -77.0324 38.8836

V 19500 -76.9623 38.8637

V 19638 -77.0691 38.9087

V 19658 -76.9454 38.8991

V 19675 -76.9775 38.8995

V 19713 -76.921 38.8868

V 19735 -77.0684 38.9649

V 19752 -76.999 38.8794

V 19792 -76.9406 38.8997

V 19837 -77.0406 38.9176

V 19853 -76.9923 38.9492

V 19892 -77.0484 38.934

V 19921 -76.9985 38.8833

V 19940 -76.9722 38.9365

V 20046 -76.9946 38.9426

V 20072 -76.9856 38.942

V 20087 -77.0122 38.9002

V 20109 -77.0189 38.8135

V 20142 -76.993 38.9535

V 20164 -77.0354 38.8964

V 20188 -77.0275 38.9573

V 20217 -77.0163 38.9506

V 20235 -77.0715 38.9097

V 20270 -76.9745 38.8743

V 20292 -76.9285 38.9008

V 20330 -77.026 38.903

V 20364 -76.9421 38.9072

V 20394 -77.0286 38.9832

V 20447 -76.9743 38.873

V 20461 -77.0679 38.9141

V 20470 -77.0639 38.9408

V 20491 -77.0318 38.9584

V 20507 -77.0312 38.9202

V 20521 -77.0086 38.9471

V 20531 -77.0025 38.8948

V 20549 -77.0195 38.9492

V 20566 -77.0254 38.8991

V 20591 -77.0353 38.9233

V 20607 -76.9828 38.8881

V 20622 -76.9469 38.8833

V 20643 -76.9924 38.929

V 20661 -76.9815 38.9046

V 20680 -76.9855 38.8854

V 20705 -76.9942 38.9025

V 20740 -76.9836 38.8929

V 20771 -76.9973 38.8261

V 20815 -77.0334 38.9602

V 20828 -77.0242 38.9679

V 20847 -76.9783 38.9297

V 20877 -76.9588 38.8828

V 20905 -76.986 38.8788

V 20921 -76.9801 38.9033

V 20946 -77.0215 38.9314

V 21009 -77.009 38.9213

V 21035 -77.0926 38.9436

V 21048 -77.0742 38.9487

V 21064 -77.0285 38.9346

V 21094 -77.0423 38.9134

V 21154 -77.0309 38.9332

V 21179 -76.9812 38.9335

V 21199 -77.0342 38.9551

V 21210 -77.0603 38.9228

V 21304 -76.9408 38.8984

V 21324 -77.0623 38.942

V 21358 -76.9915 38.8961

V 21409 -77.0067 38.9176

V 21433 -76.928 38.8908

V 21465 -77.0193 38.9554

V 21477 -77.0588 38.961

V 21531 -76.9343 38.8946

V 21554 -76.9648 38.8784

V 21567 -77.0808 38.956

V 21582 -76.9673 38.868

V 21623 -76.9878 38.907

V 21644 -77.0707 38.9662

V 21676 -77.0698 38.9735

V 21734 -76.9808 38.8803

V 21763 -76.9877 38.9418

V 21789 -77.0044 38.9106

V 21805 -77.009 38.9569

V 21832 -76.9955 38.8903

V 21845 -76.9673 38.9272

V 21879 -77.0742 38.959

V 21894 -77.0364 38.9513

V 21941 -77.0078 38.9535

V 21970 -77.0288 38.9584

V 21987 -76.982 38.9033

V 22009 -77.0777 38.9267

V 22043 -76.9808 38.9057

V 22058 -77.0127 38.9166

V 22087 -77.0225 38.9286

V 22100 -77.0842 38.911

V 22149 -77.0624 38.9203

V 22165 -77.0309 38.9346

V 22175 -77.024 38.8961

V 22188 -76.9712 38.9362

V 22210 -77.0271 38.965

V 22221 -77.0182 38.9532

V 22236 -77.0212 38.9191

V 22257 -77.0028 38.962

V 22279 -77.0061 38.9554

V 22305 -76.9984 38.905

V 22324 -76.9812 38.9259

V 22350 -77.0163 38.8423

V 22362 -76.9398 38.8705

V 22383 -77.0413 38.9319

V 22410 -76.9194 38.8898

V 22441 -76.9924 38.9265

V 22452 -76.9927 38.8772

V 22469 -77.0315 38.9823

V 22511 -76.9808 38.8813

V 22549 -77.0109 38.8143

V 22566 -76.9809 38.9291

V 22591 -76.9946 38.85

V 22616 -76.9883 38.8864

V 22643 -76.9983 38.9062

V 22666 -77.0628 38.9056

V 22700 -77.0354 38.9903

V 22741 -77.031 38.9072

V 22758 -77.0175 38.962

V 22799 -77.0125 38.8253

V 22843 -76.9725 38.9046

V 22863 -76.9799 38.9267

V 22880 -77.0439 38.9276

V 23109 -77.0322 38.9321

V 23190 -77.0089 38.9169

V 23258 -77.0531 38.8941

V 23283 -77.0247 38.9166

V 23321 -77.0415 38.9347

V 23380 -77.0261 38.9461

V 23405 -77.0587 38.9007

V 23464 -77.0733 38.9682

V 23512 -77.0592 38.9126

V 23537 -76.9899 38.9362

V 23559 -76.981 38.9306

V 23574 -77.085 38.9542

V 23618 -77.002 38.8876

V 23744 -77.0533 38.9594

V 23793 -77.0701 38.9686

V 23805 -77.0115 38.8227

V 23828 -77.013 38.8739

V 23873 -77.08 38.9259

V 23946 -77.0639 38.9028

V 23970 -76.9353 38.9112

V 23997 -77.0314 38.9122

V 24021 -77.0307 38.9032

V 24036 -76.9945 38.9531

V 24072 -77.0129 38.8408

V 24100 -77.0229 38.9783

V 24145 -77.016 38.9159

V 24190 -76.9984 38.8999

V 24213 -77.0256 38.9673

V 24280 -76.9869 38.9066

V 24288 -76.9802 38.8833

V 24455 -76.9932 38.8797

V 24473 -77.0278 38.9573

V 24509 -77.0559 38.9818

V 24594 -77.0296 38.9145

V 24627 -77.0235 38.9306

V 24670 -76.9865 38.9029

V 24692 -77.0752 38.9202

V 24746 -76.9846 38.8921

V 24775 -76.9926 38.9473

V 24804 -77.0399 38.9849

V 24841 -77.0281 38.9031

V 24884 -77.0832 38.9542

V 24954 -77.007 38.8451

V 24965 -76.9915 38.9033

V 24982 -76.9359 38.8733

V 25002 -76.9825 38.9046

V 25020 -77.0095 38.8948

V 25047 -77.0724 38.9681

V 25064 -77.0333 38.949

V 25102 -76.9851 38.8861

V 25113 -77.0139 38.9573

V 25152 -76.9713 38.9156

V 25190 -77.038 38.9256

V 25214 -77.0455 38.9207

V 25231 -77.053 38.9013

V 25245 -77.0866 38.9565

V 25298 -77.0297 38.9502

V 25339 -77.0664 38.9667

V 25353 -77.0278 38.9385

V 25395 -76.9839 38.9209

V 25412 -77.0212 38.9602

V 25440 -77.0723 38.9183

V 25460 -77.0238 38.9509

V 25476 -76.9938 38.8803

V 25518 -77.0215 38.9287

V 25534 -77.0129 38.9002

V 25758 -77.0372 38.9445

V 25784 -76.9883 38.8792

V 25823 -77.0007 38.8228

V 25967 -76.9981 38.9463

V 25980 -77.0137 38.965

V 25987 -77.007 38.9682

V 26001 -77.0386 38.9319

V 26022 -76.9944 38.934

V 26081 -76.9889 38.9463

V 26095 -77.0326 38.9187

V 26129 -77.0922 38.9202

V 26154 -77.0281 38.9043

V 26219 -77.0013 38.8649

V 26232 -77.0699 38.9141

V 26403 -76.9623 38.8624

V 26415 -77.0188 38.9171

V 26508 -77.0291 38.9541

V 26523 -77.0532 38.9614

V 26549 -77.0116 38.9078

V 26622 -77.1004 38.9444

V 26656 -77.0211 38.9758

V 26696 -76.9944 38.884

V 26713 -76.9897 38.9463

V 26746 -76.9704 38.871

V 26803 -77.02 38.941

V 26823 -77.045 38.9429

V 26847 -77.0857 38.9514

V 26954 -77.028 38.9562

V 26988 -76.9348 38.9066

V 27009 -76.9488 38.8666

V 27038 -77.0658 38.9279

V 27050 -76.98 38.9477

V 27080 -76.9701 38.8482

V 27109 -77.0507 38.8923

V 27135 -76.9968 38.9217

V 27173 -76.9773 38.8858

V 27192 -77.0388 38.9344

V 27272 -77.0242 38.9602

V 27293 -77.0678 38.9078

V 27305 -77.0013 38.8915

V 27314 -77.0321 38.9238

V 27350 -77.0229 38.9656

V 27375 -76.9706 38.9351

V 27391 -77.0212 38.9306

V 27427 -77.0524 38.9352

V 27516 -77.0199 38.9442

V 27538 -77.016 38.8825

V 27600 -77.028 38.9397

V 27620 -77.0454 38.9315

V 27684 -76.9503 38.8643

V 27703 -76.9378 38.895

V 27729 -76.9813 38.8845

V 27752 -77.0226 38.9274

V 27783 -76.9855 38.8892

V 27806 -77.036 38.8769

V 27815 -76.957 38.8714

V 27903 -76.9705 38.9331

V 27958 -77.0618 38.9248

V 28005 -77.0197 38.9362

V 28022 -76.9941 38.832

V 28048 -77.0633 38.9303

V 28078 -77.0097 38.9086

V 28104 -76.9911 38.8351

V 28130 -76.9286 38.9051

V 28256 -76.9534 38.8703

V 28275 -76.9922 38.8628

V 28300 -77.0985 38.9454

V 28313 -76.9891 38.9516

V 28351 -76.933 38.8815

V 28363 -77.0059 38.9185

V 28382 -77.071 38.9667

V 28435 -77.0949 38.9497

V 28466 -76.9988 38.8476

V 28521 -77.0126 38.8287

V 28545 -77.0436 38.909

V 28590 -77.0288 38.9148

V 28635 -76.9931 38.9412

V 28718 -77.0196 38.9496

V 28850 -76.955 38.86

V 28884 -77.0982 38.9337

V 28904 -77.0757 38.9211

V 28919 -76.995 38.9507

V 28951 -76.9887 38.9327

V 28970 -76.9995 38.8855

V 29035 -77.0851 38.9323

V 29061 -76.9924 38.9256

V 29098 -76.9484 38.8664

V 29167 -76.9251 38.8998

V 29196 -76.9995 38.9547

V 29213 -76.9615 38.8605

V 29246 -77.0644 38.9488

V 29335 -76.9623 38.8646

V 29348 -77.0746 38.9262

V 29384 -76.9164 38.8945

V 29464 -76.9246 38.9029

V 29475 -77.1061 38.9286

V 29515 -77.0466 38.9079

V 29540 -76.9885 38.8665

V 29559 -76.942 38.898

V 29588 -77.0231 38.9473

V 29618 -76.9925 38.9402

V 29652 -76.9938 38.9017

V 29680 -77.0141 38.8876

V 29699 -76.9747 38.9002

V 29716 -77.0803 38.958

V 29737 -77.0205 38.9297

V 29793 -77.0035 38.9227

V 29834 -77.0059 38.892

V 29902 -76.9872 38.8789

V 29930 -77.0075 38.9464

V 29984 -77.0522 38.9796

V 30008 -77.0559 38.9264

V 30025 -76.9738 38.9196

V 30042 -77.0783 38.9203

V 30089 -76.9768 38.9351

V 30106 -76.9792 38.9108

V 30117 -77.0746 38.9271

V 30186 -77.0154 38.9527

V 30222 -77.017 38.9133

V 30261 -76.9995 38.8948

V 30287 -77.0634 38.9731

V 30330 -77.0184 38.9111

V 30354 -77.0136 38.9433

V 30405 -77.0395 38.9002

V 30425 -77.0137 38.9566

V 30473 -77.0766 38.9676

V 30494 -76.9931 38.904

V 30545 -77.0389 38.9297

V 30609 -77.0534 38.9342

V 30647 -77.0783 38.9246

V 30714 -77.0364 38.8779

V 30733 -77.0327 38.9444

V 30766 -76.9405 38.8811

V 30786 -76.9855 38.9006

V 30810 -77.0585 38.9227

V 30852 -77.102 38.9438

V 30909 -76.9994 38.8246

V 30963 -77.0329 38.9651

V 30994 -77.0001 38.8634

V 31053 -77.0704 38.944

V 31084 -76.9985 38.8391

V 31141 -76.9944 38.8606

V 31196 -77.029 38.9369

V 31262 -77.0379 38.9339

V 31279 -77.0307 38.9592

V 31298 -76.9865 38.8984

V 31309 -77.0201 38.9282

V 31324 -77.0188 38.931

V 31346 -77.08 38.9236

V 31360 -77.0016 38.9208

V 31395 -77.0304 38.9381

V 31428 -77.082 38.9506

V 31455 -76.9522 38.8631

V 31497 -77.0604 38.9618

V 31547 -77.0376 38.9468

V 31564 -77.0477 38.9096

V 31646 -76.997 38.8843

V 31677 -76.9648 38.8695

V 31695 -76.9797 38.8557

V 31715 -77.0122 38.9308

V 31757 -76.9346 38.8976

V 31783 -77.0109 38.9482

V 31819 -77.0256 38.9665

V 31879 -77.0577 38.9341

V 31987 -76.979 38.9053

V 32000 -77.0407 38.9445

V 32020 -77.035 38.9881

V 32057 -77.0224 38.9641

V 32075 -77.0813 38.9381

V 32125 -77.0146 38.9065

V 32155 -77.0011 38.888

V 32184 -76.9798 38.8957

V 32206 -76.9316 38.8956

V 32262 -76.9979 38.8904

V 32287 -76.9811 38.8971

V 32326 -77.0917 38.944

V 32352 -76.9755 38.8948

V 32367 -76.9797 38.9341

V 32390 -77.018 38.9144

V 32402 -77.0616 38.9519

V 32429 -77.0142 38.9638

V 32475 -77.0675 38.9262

V 32484 -77.0124 38.8841

V 32561 -76.9768 38.9425

V 32581 -76.9449 38.8811

V 32623 -77.0098 38.8918

V 32664 -76.9991 38.921

V 32683 -76.998 38.9041

V 32697 -77.0207 38.9479

V 32726 -76.9926 38.9025

V 32744 -77.0829 38.929

V 32767 -77.0375 38.9345

V 32884 -77.0192 38.9537

V 32907 -77.0826 38.9632

V 32933 -76.9562 38.871

V 32988 -77.0878 38.9422

V 33126 -76.995 38.9037

V 33146 -77.0778 38.961

V 33173 -77.0252 38.944

V 33193 -77.0372 38.8783

V 33256 -76.9907 38.9423

V 33269 -77.0452 38.9126

V 33339 -76.9808 38.9194

V 33372 -77.0006 38.9225

V 33389 -77.0514 38.9053

V 33398 -77.0137 38.8993

V 33426 -77.0284 38.9101

V 33436 -76.9903 38.8974

V 33450 -76.9594 38.8764

V 33465 -77.0291 38.9195

V 33499 -77.0063 38.9436

V 33551 -77.0682 38.964

V 33567 -77.0199 38.8849

V 33603 -76.9468 38.8668

V 33651 -76.9885 38.9495

V 33678 -76.9788 38.8788

V 33749 -77.024 38.9111

V 33773 -77.0587 38.9109

V 33804 -77.0175 38.9728

V 33832 -77.024 38.832

V 33867 -77.0297 38.9441

V 33883 -77.0189 38.9011

V 33953 -77.0025 38.8941

V 33995 -77.0247 38.9387

V 34078 -77.0664 38.9717

V 34111 -77.007 38.9673

V 34129 -77.0193 38.9632

V 34153 -77.0667 38.9603

V 34175 -77.0221 38.9258

V 34203 -76.9469 38.8935

V 34247 -77.0228 38.9736

V 34269 -77.0109 38.9724

V 34309 -76.9349 38.8791

V 34352 -77.0006 38.903

V 34378 -77.0199 38.9683

V 34420 -76.9524 38.8594

V 34485 -77.0973 38.9497

V 34500 -77.0199 38.9141

V 34558 -77.0488 38.8983

V 34573 -77.0121 38.9234

V 34676 -77.0142 38.9723

V 34691 -76.9783 38.917

V 34713 -76.9312 38.89

V 34730 -77.0362 38.8791

V 34760 -77.0061 38.9343

V 34782 -76.9722 38.9153

V 34846 -77.0221 38.921

V 34887 -77.0698 38.9728

V 34924 -77.0085 38.9242

V 34941 -77.0218 38.969

V 34959 -77.0035 38.8952

V 34980 -76.9631 38.8624

V 35005 -77.0792 38.9471

V 35108 -77.071 38.9382

V 35133 -77.0211 38.9425

V 35190 -76.9748 38.9277

V 35212 -77.0203 38.9377

V 35240 -76.9911 38.8335

V 35259 -77.0729 38.9165

V 35273 -77.026 38.8974

V 35291 -77.0363 38.9923

V 35313 -76.9984 38.9002

V 35349 -77.0585 38.9085

V 35376 -76.9152 38.8925

V 35414 -77.0166 38.9565

V 35424 -77.0066 38.9126

V 35518 -77.0203 38.9537

V 35536 -77.0804 38.9444

V 35581 -77.0341 38.9445

V 35615 -76.9476 38.866

V 35653 -77.0024 38.842

V 35686 -76.9657 38.8535

V 35783 -77.0546 38.9151

V 35801 -77.0645 38.9676

V 35829 -77.0122 38.9063

V 35845 -77.069 38.9051

V 35856 -77.0876 38.9594

V 35879 -77.0679 38.9409

V 35893 -77.0259 38.916

V 35931 -77.0016 38.8954

V 35990 -77.0173 38.8284

V 36034 -76.953 38.8956

V 36049 -77.0613 38.9262

V 36066 -77.0281 38.9841

V 36087 -77.0413 38.9448

V 36149 -76.9908 38.8961

V 36282 -76.9312 38.8985

V 36293 -77.0128 38.8939

V 36303 -77.0733 38.9363

V 36330 -77.0334 38.9632

V 36357 -76.9932 38.8817

V 36371 -77.0709 38.9275

V 36420 -77.0742 38.9597

V 36513 -77.0145 38.8185

V 36543 -77.0709 38.927

V 36575 -76.9822 38.927

V 36611 -77.0219 38.9021

V 36628 -77.0255 38.9239

V 36651 -77.0372 38.9134

V 36683 -77.0356 38.944

V 36708 -76.9918 38.9557

V 36899 -77.0466 38.9126

V 36922 -77.0169 38.8409

V 36945 -77.0347 38.9235

V 36966 -76.9983 38.9454

V 37025 -76.9704 38.8719

V 37050 -76.9877 38.9116

V 37079 -77.072 38.9275

V 37098 -77.0585 38.9733

V 37123 -76.9908 38.8887

V 37252 -77.0573 38.9505

V 37281 -76.9365 38.8888

V 37302 -76.9871 38.9393

V 37325 -76.969 38.8715

V 37467 -76.9657 38.8504

V 37486 -77.0273 38.9699

V 37501 -76.9827 38.923

V 37515 -77.0197 38.9531

V 37568 -77.0868 38.951

V 37584 -76.9329 38.8948

V 37601 -77.0089 38.9148

V 37815 -76.9762 38.929

V 37837 -76.9851 38.8686

V 37848 -77.053 38.9189

V 37915 -76.9915 38.8939

V 37944 -76.9878 38.9543

V 37966 -76.9429 38.9042

V 38004 -77.0281 38.8828

V 38031 -76.9694 38.8755

V 38063 -76.9909 38.8835

V 38116 -77.0691 38.9373

V 38156 -77.0785 38.9479

V 38229 -76.9162 38.8892

V 38286 -76.9235 38.8908

V 38381 -77.0267 38.944

V 38395 -77.0275 38.9673

V 38415 -76.9985 38.8292

V 38428 -76.9678 38.8749

V 38472 -77.0252 38.8967

V 38492 -76.9942 38.8746

V 38576 -77.0644 38.9377

V 38607 -77.027 38.9253

V 38635 -77.0086 38.9587

V 38649 -77.0197 38.9766

V 38682 -76.9712 38.8534

V 38704 -76.9884 38.8337

V 38730 -77.0035 38.886

V 38743 -77.0098 38.9025

V 38758 -77.0149 38.9425

V 38790 -76.9962 38.8292

V 38841 -77.046 38.9187

V 38864 -77 38.8463

V 38895 -77.0083 38.9643

V 38949 -77.044 38.9245

V 38985 -77.0165 38.9475

V 38997 -77.0583 38.9263

V 39057 -77.0183 38.9227

V 39169 -77.0076 38.9644

V 39213 -77.0868 38.9303

V 39228 -77.0765 38.9137

V 39256 -77.0765 38.944

V 39280 -77.0719 38.9356

V 39313 -76.9839 38.9179

V 39364 -77.0803 38.9542

V 39383 -77.001 38.9163

V 39395 -77.0476 38.9103

V 39420 -76.926 38.8935

V 39437 -76.9926 38.8818

V 39452 -77.0676 38.9565

V 39510 -77.0044 38.8385

V 39525 -77.0353 38.934

V 39608 -76.9722 38.9319

V 39654 -77.0091 38.9627

V 39676 -76.976 38.8969

V 39692 -77.09 38.9492

V 39724 -76.9883 38.9418

V 39778 -77.0262 38.9337

V 39806 -77.0033 38.8347

V 39836 -76.978 38.9012

V 39864 -76.9443 38.8857

V 39917 -76.9316 38.8787

V 39944 -77.0274 38.969

V 39967 -77.0204 38.9003

V 39990 -77.0055 38.8397

V 40023 -76.9808 38.8906

V 40052 -77.024 38.9057

V 40068 -76.9851 38.9426

V 40099 -76.9397 38.9086

V 40119 -77.0252 38.9558

V 40142 -77.0063 38.9204

V 40166 -76.9664 38.8746

V 40203 -76.9953 38.8355

V 40265 -76.9582 38.8605

V 40286 -77.0608 38.9098

V 40335 -76.9594 38.8757

V 40356 -77.0228 38.9416

V 40379 -77.0091 38.944

V 40442 -77.0593 38.9109

V 40483 -77.034 38.979

V 40496 -76.9434 38.9037

V 40574 -77.0313 38.9628

V 40590 -77.0161 38.8637

V 40646 -77.061 38.9538

V 40679 -77.0013 38.9037

V 40693 -77.0078 38.9699

V 40705 -77.0161 38.9464

V 40723 -76.9708 38.9235

V 40788 -77.0372 38.9408

V 40812 -77.012 38.827

V 40886 -77.0296 38.8886

V 40912 -77.0192 38.9342

V 40968 -76.9776 38.9164

V 40998 -77.0726 38.9671

V 41086 -77.0162 38.9006

V 41118 -76.9865 38.9197

V 41152 -77.0383 38.9627

V 41189 -77.0464 38.9228

V 41209 -76.979 38.8686

V 41234 -76.9985 38.8282

V 41247 -77.0326 38.9148

V 41265 -76.9863 38.9092

V 41321 -76.9938 38.882

V 41343 -76.9943 38.8656

V 41375 -77.0162 38.9052

V 41416 -77.0942 38.9158

V 41451 -76.9342 38.8942

V 41470 -77.0131 38.8961

V 41505 -76.9866 38.9251

V 41531 -77.0355 38.9804

V 41547 -76.9722 38.8519

V 41567 -77.0241 38.8813

V 41625 -77.0135 38.9185

V 41650 -76.9762 38.8929

V 41678 -76.9938 38.8841

V 41689 -77.0844 38.9507

V 41705 -76.9973 38.888

V 41723 -77.0968 38.9422

V 41754 -77.0444 38.9073

V 41824 -77.0137 38.9644

V 41841 -76.9433 38.8801

V 41891 -77.0035 38.9232

V 41936 -77.0638 38.9736

V 41976 -77.0035 38.8832

V 42016 -77.0096 38.9571

V 42059 -77.0702 38.9166

V 42099 -76.9613 38.9263

V 42159 -77.0327 38.9408

V 42182 -77.0131 38.9566

V 42214 -76.9913 38.8621

V 42256 -77.0442 38.9323

V 42319 -77.0708 38.955

V 42359 -76.9979 38.9563

V 42394 -77.0227 38.9542

V 42412 -77.0243 38.8809

V 42430 -77.0212 38.965

V 42442 -77.0527 38.9255

V 42452 -77.009 38.9199

V 42534 -76.9969 38.8951

V 42567 -77.0329 38.9552

V 42602 -77.0126 38.9712

V 42618 -77.027 38.9053

V 42642 -77.0239 38.9542

V 42658 -77.0327 38.9336

V 42707 -76.9911 38.8954

V 42998 -77.0533 38.898

V 43062 -77.0297 38.9497

V 43108 -77.0675 38.9271

V 43147 -77.0128 38.9156

V 43174 -77.0345 38.9429

V 43194 -77.0359 38.9365

V 43223 -77.0359 38.9166

V 43244 -77.0055 38.9241

V 43256 -76.9793 38.9201

V 43293 -77.0249 38.8803

V 43307 -77.0199 38.9479

V 43326 -76.9371 38.9011

V 43340 -77.0025 38.8832

V 43367 -76.9962 38.9584

V 43391 -77.0604 38.9586

V 43408 -77.0075 38.9453

V 43422 -76.9378 38.8927

V 43473 -76.9742 38.9321

V 43491 -77.0332 38.9341

V 43569 -76.99 38.8367

V 43603 -76.9987 38.844

V 43643 -77.0658 38.964

V 43671 -76.9388 38.8749

V 43693 -77.0109 38.8948

V 43719 -77.0698 38.9479

V 43772 -76.9877 38.8794

V 43804 -76.9795 38.9397

V 43823 -77.0154 38.9424

V 43895 -77.0152 38.9003

V 43915 -77.001 38.9359

V 43981 -77.0345 38.9141

V 44011 -77.0763 38.9252

V 44055 -77.0572 38.9018

V 44099 -77.0367 38.907

V 44107 -77.0036 38.9575

V 44139 -77.0077 38.8298

V 44165 -76.9767 38.8671

V 44175 -77.0209 38.9108

V 44204 -77.0609 38.9733

V 44246 -77.0199 38.9072

V 44269 -76.9846 38.8892

V 44338 -76.9754 38.8647

V 44377 -76.9809 38.8627

V 44413 -76.9982 38.8608

V 44444 -76.9376 38.9023

V 44488 -76.9341 38.8953

V 44540 -77.0285 38.9613

V 44556 -77.0229 38.9126

V 44587 -77.0085 38.9263

V 44600 -77.0328 38.9676

V 44635 -76.9776 38.9371

V 44682 -76.9701 38.9341

V 44771 -77.0583 38.9653

V 44817 -76.9699 38.8796

V 44858 -76.9561 38.8888

V 44878 -77.0717 38.9275

V 44917 -77.0277 38.9535

V 44949 -77.0035 38.9141

V 44970 -76.9926 38.8936

V 44993 -77.073 38.9363

V 45026 -77.0666 38.954

V 45045 -76.9832 38.9489

V 45070 -76.9416 38.8835

V 45095 -77.0258 38.9467

V 45117 -77.0303 38.9814

V 45154 -77.0006 38.8805

V 45181 -76.9302 38.8873

V 45222 -77.0242 38.9638

V 45247 -77.0245 38.9766

V 45271 -77.0146 38.9141

V 45301 -77.0729 38.9444

V 45333 -77.0744 38.9195

V 45360 -77.0901 38.9533

V 45454 -77.0337 38.879

V 45476 -76.9602 38.8559

V 45485 -77.032 38.8955

V 45534 -76.9906 38.9047

V 45556 -76.9707 38.9374

V 45602 -76.9688 38.8514

V 45623 -77.0189 38.9009

V 45651 -77.0196 38.8247

V 45683 -76.9761 38.8748

V 45709 -76.9745 38.8752

V 45722 -76.9815 38.8835

V 45738 -76.9514 38.8903

V 45766 -77.0449 38.8954

V 45792 -77.0036 38.9025

V 45816 -76.996 38.8475

V 45851 -77.0364 38.9483

V 45875 -77.0388 38.9461

V 45935 -77.0378 38.9299

V 45954 -76.995 38.9284

V 45968 -77.0176 38.8823

V 46010 -76.995 38.8516

V 46028 -77.009 38.9664

V 46071 -76.9837 38.8977

V 46095 -77.0184 38.9576

V 46137 -76.9714 38.8738

V 46171 -77.0216 38.952

V 46204 -76.9598 38.896

V 46244 -77.0355 38.979

V 46274 -76.9575 38.8627

V 46345 -76.9768 38.9418

V 46381 -76.9938 38.8962

V 46400 -77.0266 38.9715

V 46424 -77.0333 38.9476

V 46442 -76.9951 38.9375

V 46478 -77.0712 38.9543

V 46508 -77.0285 38.9342

V 46570 -77.0091 38.9673

V 46640 -77.0101 38.8673

V 46658 -76.9873 38.8321

V 46748 -76.9718 38.8584

V 46850 -77.0693 38.9631

V 46877 -76.9929 38.9285

V 46897 -77.0394 38.9131

V 46938 -77.061 38.9098

V 46964 -77.035 38.9248

V 46982 -77.0906 38.9463

V 47076 -77.0475 38.9053

V 47095 -76.9887 38.8638

V 47116 -76.9921 38.8868

V 47135 -77.0265 38.9089

V 47187 -77.0139 38.8285

V 47251 -77.0229 38.9072

V 47282 -77.002 38.9141

V 47301 -77.0675 38.9551

V 47462 -76.9245 38.8817

V 47522 -76.9575 38.8848

V 47551 -77.0268 38.9146

V 47587 -77.0203 38.9673

V 47619 -77.0488 38.9104

V 47636 -76.9615 38.8799

V 47659 -77.0569 38.9027

V 47689 -77.0129 38.9526

V 47752 -77.0817 38.933

V 47768 -77.0055 38.8469

V 47787 -76.9534 38.8918

V 47831 -77.009 38.9528

V 47868 -76.9977 38.8505

V 47925 -77.0612 38.9676

V 47942 -77.0242 38.9703

V 47978 -77.0253 38.9588

V 47992 -76.9667 38.8755

V 48013 -76.9648 38.8788

V 48065 -76.9892 38.9069

V 48113 -77.0317 38.9054

V 48145 -76.9833 38.8452

V 48168 -77.0706 38.9606

V 48201 -77.1059 38.9357

V 48274 -77.096 38.9359

V 48288 -77.0241 38.932

V 48331 -77.0677 38.9514

V 48353 -76.9785 38.8708

V 48367 -76.9296 38.8997

V 48409 -77.0282 38.8887

V 48473 -77.0125 38.9475

V 48499 -76.9776 38.8977

V 48519 -77.0556 38.9094

V 48577 -76.9696 38.8767

V 48636 -77.0076 38.9502

V 48664 -77.0056 38.9615

V 48693 -77.0065 38.8302

V 48749 -77.069 38.9059

V 48778 -77.0286 38.9231

V 48834 -77.0324 38.9573

V 48863 -77.0372 38.9063

V 48887 -77.0458 38.9052

V 48909 -76.9693 38.8483

V 49034 -77.0832 38.9289

V 49060 -76.9875 38.8421

V 49156 -76.9664 38.9376

V 49170 -76.993 38.932

V 49204 -77.0574 38.9379

V 49249 -76.991 38.8597

V 49359 -77.0176 38.9522

V 49447 -77.0746 38.9681

V 49492 -76.9883 38.8793

V 49516 -77.0213 38.8961

V 49552 -76.9427 38.878

V 49587 -77.0516 38.9584

V 49636 -76.9785 38.8682

V 49655 -76.9926 38.9573

V 49700 -77.082 38.9488

V 49761 -76.9841 38.8954

V 49777 -77.0028 38.9594

V 49809 -77.0291 38.965

V 49848 -77.0235 38.9794

V 49903 -76.9835 38.8817

V 49920 -77.0084 38.946

V 49945 -76.997 38.8524

V 49976 -77.0336 38.9008

V 50000 -77.0322 38.9369

V 50023 -76.9912 38.9345

V 50053 -76.9968 38.9583

V 50089 -77.0218 38.9456

V 50117 -77.0241 38.9451

V 50156 -76.9808 38.8845

V 50187 -77.0614 38.9275

V 50212 -77.0216 38.942

V 50232 -76.9353 38.8749

V 50276 -76.9513 38.8649

V 50332 -76.9885 38.9303

V 50377 -76.9924 38.9562

V 50404 -76.9681 38.9234

V 50543 -77.0242 38.965

V 50574 -77.0248 38.9467

V 50609 -77.0932 38.951

V 50634 -76.972 38.8602

V 50661 -77.0547 38.8916

V 50690 -76.996 38.952

V 50725 -77.0029 38.8851

V 50772 -76.998 38.8238

V 50799 -76.9897 38.8954

V 50842 -77.0038 38.9312

V 50932 -77.0911 38.9324

V 50953 -76.9382 38.908

V 50981 -77.0091 38.9092

V 50999 -76.9338 38.899

V 51069 -77.0078 38.9518

V 51089 -77.0234 38.93

V 51140 -77.0725 38.9556

V 51178 -77.0372 38.9567

V 51236 -76.9838 38.9018

V 51270 -76.9345 38.9121

V 51314 -77.0183 38.8224

V 51339 -76.9426 38.8997

V 51365 -76.9966 38.9568

V 51401 -77.0346 38.9104

V 51448 -76.9244 38.9039

V 51471 -76.9941 38.8487

V 51480 -77.033 38.978

V 51502 -76.9664 38.875

V 51522 -77.0192 38.8848

V 51600 -77.1071 38.932

V 51633 -77.0077 38.8302

V 51660 -76.9609 38.927

V 51680 -77.0281 38.9008

V 51700 -77.002 38.9601

V 51741 -77.0056 38.8261

V 51757 -77.0811 38.9069

V 51802 -76.9631 38.8784

V 51865 -77.0184 38.9292

V 51884 -77.0059 38.9222

V 51914 -77.0308 38.8983

V 51958 -77.1006 38.9295

V 51975 -77.0214 38.9374

V 52009 -76.9874 38.9129

V 52037 -76.9598 38.8936

V 52109 -76.9598 38.8928

V 52141 -77.0685 38.9167

V 52181 -77.0766 38.9603

V 52222 -76.964 38.8519

V 52255 -76.927 38.8945

V 52273 -77.0533 38.9027

V 52323 -77.0766 38.9226

V 52370 -76.9977 38.9403

V 52446 -76.9411 38.8865

V 52469 -77.0264 38.9783

V 52527 -77.0442 38.9342

V 52542 -76.9207 38.8991

V 52564 -77.0258 38.957

V 52577 -76.9883 38.8989

V 52603 -76.9846 38.8948

V 52668 -76.9318 38.8908

V 52731 -76.9379 38.8719

V 52760 -77.0533 38.9266

V 52783 -76.9624 38.9247

V 52797 -76.9499 38.865

V 52851 -76.9726 38.8685

V 52887 -76.994 38.9511

V 52965 -77.0683 38.9104

V 52981 -76.9651 38.9351

V 53006 -77.0385 38.9141

V 53034 -76.9991 38.9245

V 53099 -77.0375 38.9477

V 53176 -77.0013 38.8694

V 53190 -77.0189 38.8961

V 53245 -77.0342 38.9333

V 53269 -77.0715 38.9521

V 53284 -76.9318 38.8765

V 53316 -77.0281 38.8998

V 53361 -76.9342 38.9036

V 53401 -77.0296 38.9111

V 53460 -77.027 38.9111

V 53489 -77.0001 38.9624

V 53522 -77.072 38.9258

V 53548 -76.9851 38.9117

V 53603 -76.9798 38.9281

V 53657 -77.0813 38.9117

V 53693 -77.0645 38.9285

V 53727 -77.0265 38.9773

V 53741 -76.9962 38.9002

V 53761 -77.0006 38.9189

V 53800 -77.0362 38.9071

V 53831 -77.0101 38.9466

V 53855 -76.986 38.8576

V 53878 -76.9265 38.8892

V 53907 -77.0006 38.9066

V 53917 -76.9164 38.8967

V 53931 -77.0069 38.917

V 53961 -77.0634 38.9634

V 54013 -77.0013 38.9041

V 54051 -77.0332 38.9403

V 54083 -76.9944 38.8865

V 54100 -76.9812 38.8708

V 54132 -77.0303 38.8917

V 54163 -76.9722 38.8982

V 54184 -77.0147 38.9025

V 54223 -76.9831 38.9078

V 54292 -77.0664 38.9266

V 54326 -77.0212 38.928

V 54393 -76.9846 38.9348

V 54410 -76.9902 38.8952

V 54445 -77.0006 38.9148

V 54470 -76.995 38.8876

V 54511 -76.9572 38.863

V 54576 -76.9762 38.8998

V 54590 -76.9311 38.8919

V 54620 -77.0367 38.9074

V 54646 -77.008 38.9389

V 54663 -76.9684 38.9067

V 54750 -77.0661 38.9755

V 54811 -77.0221 38.9409

V 54820 -77.026 38.8828

V 54826 -77.026 38.882

V 54873 -76.9832 38.8784

V 54919 -76.9766 38.8973

V 54979 -77.0239 38.9623

V 55029 -77.0081 38.8814

V 55043 -77.0297 38.9211

V 55066 -76.979 38.8713

V 55107 -77.0515 38.9235

V 55147 -77.0012 38.9365

V 55159 -77.0122 38.9121

V 55223 -77.025 38.9503

V 55271 -77.0247 38.9049

V 55295 -77.0475 38.8967

V 55334 -77.0638 38.9296

V 55362 -77.0162 38.9106

V 55391 -77.0091 38.9597

V 55436 -76.9995 38.9318

V 55475 -77.0137 38.8859

V 55501 -76.9706 38.9356

V 55545 -76.9808 38.8854

V 55584 -77.0667 38.9595

V 55606 -77.055 38.9154

V 55671 -77.0791 38.9463

V 55704 -76.9524 38.8955

V 55729 -77.0581 38.9728

V 55802 -76.99 38.9482

V 55814 -76.9978 38.9593

V 55852 -77.0856 38.9377

V 55900 -77.002 38.9205

V 55944 -77.0177 38.9051

V 55965 -76.9899 38.8633

V 55979 -77.0488 38.9134

V 56004 -77.0001 38.9013

V 56025 -76.9419 38.8959

V 56056 -76.9778 38.9096

V 56080 -77.0006 38.8936

V 56156 -76.9626 38.8898

V 56231 -76.9841 38.9284

V 56340 -77.0214 38.9466

V 56371 -77.0092 38.9181

V 56418 -77.0803 38.9636

V 56455 -76.9953 38.9407

V 56470 -77.0214 38.9484

V 56505 -77.0949 38.9528

V 56560 -77.0085 38.9126

V 56582 -76.9722 38.9331

V 56638 -77.0648 38.9737

V 56669 -76.9332 38.9025

V 56687 -77.0371 38.9352

V 56715 -76.9299 38.8887

V 56794 -76.9344 38.8749

V 56821 -77.0788 38.9479

V 56845 -77.0701 38.9597

V 56885 -77.0938 38.9545

V 56938 -76.9908 38.8629

V 57060 -76.9409 38.8901

V 57121 -77.0286 38.909

V 57135 -76.9685 38.875

V 57155 -77.0968 38.9455

V 57201 -77.0269 38.9447

V 57232 -77.0155 38.9689

V 57270 -77.0013 38.9188

V 57300 -77.0135 38.9181

V 57383 -77.0212 38.9673

V 57397 -77.0314 38.9371

V 57430 -77.027 38.9535

V 57520 -77.0886 38.9551

V 57534 -76.985 38.8948

V 57552 -77.0327 38.9319

V 57579 -77.0838 38.9479

V 57622 -77.0526 38.8946

V 57648 -77.0427 38.9863

V 57708 -77.0389 38.9184

V 57770 -77.0912 38.9516

V 57818 -77.0035 38.9163

V 57839 -77.0248 38.9462

V 57871 -76.998 38.8843

V 57907 -76.9871 38.8791

V 57967 -77.0266 38.9831

V 58014 -77.017 38.95

V 58051 -77.0169 38.9383

V 58079 -77.112 38.9326

V 58137 -76.9963 38.9368

V 58153 -76.9516 38.896

V 58206 -77.0388 38.9486

V 58238 -76.9809 38.904

V 58263 -77.025 38.9547

V 58288 -76.9901 38.8585

V 58307 -76.9943 38.9394

V 58323 -76.9566 38.8936

V 58473 -76.9853 38.8627

V 58492 -77.0184 38.9086

V 58515 -77.0686 38.9266

V 58547 -77.0732 38.9136

V 58587 -77.0221 38.9343

V 58630 -77.0364 38.9508

V 58654 -76.9374 38.8787

V 58673 -77.0327 38.9312

V 58714 -77.0171 38.9609

V 58759 -76.9886 38.8631

V 58790 -76.9808 38.8707

V 58797 -76.985 38.9439

V 58843 -77.0495 38.9153

V 58902 -76.9902 38.9225

V 58954 -77.0592 38.9098

V 58977 -77.0714 38.9382

V 59012 -77.0496 38.9342

V 59046 -76.985 38.8939

V 59058 -77.0281 38.9679

V 59096 -77.0435 38.8935

V 59161 -77.0156 38.9739

V 59182 -77.0525 38.9771

V 59220 -76.9901 38.8572

V 59248 -77.0794 38.9487

V 59289 -76.9219 38.8944

V 59339 -77.104 38.9389

V 59354 -76.9915 38.8948

V 59399 -77.0175 38.8217

V 59424 -76.9393 38.8818

V 59459 -76.9298 38.9013

V 59497 -76.9855 38.8939

V 59527 -76.9494 38.8992

V 59583 -77.0297 38.9686

V 59696 -77.0652 38.9543

V 59742 -77.0666 38.9507

V 59783 -77.0094 38.8841

V 59830 -77.0303 38.9204

V 59864 -77.0373 38.8778

V 59903 -77.0224 38.9144

V 59934 -77.0314 38.9077

V 59962 -77.0011 38.9192

V 59989 -77.092 38.9432

V 60002 -76.9843 38.9117

V 60034 -77.0326 38.9211

V 60070 -76.9442 38.8658

V 60108 -76.9774 38.872

V 60123 -76.9682 38.8753

V 60163 -77.0358 38.9091

V 60198 -77.0046 38.886

V 60222 -76.9344 38.8898

V 60281 -77.0502 38.9564

V 60392 -77.0724 38.9422

V 60420 -77.0771 38.9563

V 60463 -77.0415 38.9262

V 60508 -77.016 38.8859

V 60584 -77.0432 38.931

V 60682 -77.0038 38.8953

V 60699 -77.0316 38.963

V 60749 -77.0224 38.9592

V 60800 -77.0394 38.9456

V 60838 -77.037 38.9156

V 60867 -77.0341 38.9336

V 60914 -76.99 38.8438

V 60948 -77.0449 38.9119

V 60992 -77.018 38.9426

V 61024 -77.0322 38.9248

V 61034 -77.0533 38.8928

V 61194 -76.9318 38.898

V 61215 -77.0391 38.9081

V 61233 -76.979 38.924

V 61290 -77.0974 38.944

V 61324 -77.0104 38.8876

V 61355 -77.0224 38.9646

V 61363 -76.9902 38.8948

V 61395 -77.0219 38.9072

V 61445 -76.9833 38.9426

V 61473 -77.0302 38.9413

V 61527 -76.9802 38.9102

V 61553 -76.9334 38.9099

V 61618 -77.0765 38.9149

V 61637 -77.0209 38.8948

V 61690 -76.9937 38.8406

V 61754 -76.9915 38.8996

V 61779 -76.9875 38.9022

V 61802 -77.0291 38.9494

V 62036 -77.0012 38.8419

V 62133 -76.9995 38.8977

V 62143 -76.9947 38.8447

V 62171 -77.0137 38.9096

V 62235 -77.0085 38.8472

V 62252 -76.9272 38.8898

V 62269 -76.9919 38.841

V 62315 -76.9555 38.8578

V 62360 -76.9902 38.9463

V 62423 -77.0854 38.9271

V 62747 -76.9513 38.8923

V 62820 -77.0746 38.929

V 62903 -77.0076 38.9686

V 62933 -77.085 38.9537

V 62968 -76.9725 38.8857

V 62997 -77.0279 38.9808

V 63016 -76.9333 38.8745

V 63067 -76.9888 38.8847

V 63112 -76.9743 38.891

V 63152 -77.0901 38.9463

V 63220 -76.9803 38.8876

V 63237 -77.0091 38.9562

V 63256 -76.9863 38.9407

V 63279 -77.0442 38.9333

V 63301 -76.9931 38.9478

V 63322 -76.9486 38.8949

V 63363 -77.0751 38.9422

V 63581 -77.0083 38.9656

V 63621 -76.9922 38.9413

V 63698 -77.0158 38.9555

V 63757 -77.0233 38.9339

V 63788 -77.0364 38.9593

V 63813 -76.9971 38.8804

V 63914 -76.9517 38.8903

V 64188 -76.9419 38.8818

V 64220 -77.0768 38.9584

V 64257 -76.9735 38.8691

V 64300 -77.027 38.9082

V 64380 -76.9608 38.8594

V 64434 -76.926 38.8854

V 64457 -76.9923 38.844

V 64480 -77.0085 38.9571

V 64521 -77.0985 38.9203

V 64562 -77.0334 38.9699

V 64624 -76.9244 38.8824

V 64656 -77.032 38.9107

V 64744 -77.0801 38.961

V 64767 -77.0309 38.9358

V 65017 -76.9958 38.9485

V 65061 -76.9822 38.8881

V 65077 -77.0187 38.8196

V 65128 -77.0165 38.94

V 65188 -76.9425 38.8704

V 65228 -76.9842 38.9299

V 65252 -77.0309 38.932

V 65311 -77.0607 38.9723

V 65369 -76.9938 38.8923

V 65406 -76.9705 38.8889

V 65496 -77.0237 38.9645

V 65609 -76.9939 38.9559

V 65632 -76.93 38.8835

V 65651 -77.0365 38.9181

V 65667 -76.9995 38.9613

V 65708 -76.9902 38.8339

V 65747 -77.0006 38.8598

V 65780 -77.0642 38.9769

V 65843 -76.9392 38.8948

V 65862 -77.0417 38.8935

V 65888 -76.9742 38.93

V 65923 -77.0101 38.9555

V 65951 -77.0178 38.9565

V 65984 -77.0413 38.9328

V 66001 -77.0162 38.9137

V 66058 -76.995 38.8948

V 66097 -77.0211 38.9225

V 66143 -76.9861 38.8801

V 66156 -76.979 38.8933

V 66205 -77.0407 38.9429

V 66251 -76.9725 38.8606

V 66270 -77.0599 38.9488

V 66293 -77.1047 38.9276

V 66328 -77.0785 38.95

V 66439 -77.0527 38.9136

V 66469 -77.0324 38.9058

V 66537 -76.9988 38.8557

V 66558 -77.0189 38.9177

V 66592 -76.9875 38.8344

V 66663 -77.0152 38.8775

V 66673 -76.9491 38.8624

V 66704 -77.0437 38.9315

V 66732 -77.0664 38.9303

V 66796 -77.0185 38.8702

V 66836 -77.0218 38.9463

V 66854 -77.0314 38.9202

V 66869 -77.0426 38.9046

V 66918 -76.9742 38.9137

V 66985 -77.0968 38.9432

V 67042 -77.0504 38.9235

V 67191 -77.002 38.8954

V 67231 -77.035 38.9352

V 67256 -77.0219 38.9178

V 67285 -77.1029 38.9232

V 67310 -77.0024 38.8924

V 67335 -76.9708 38.9317

V 67397 -76.975 38.9281

V 67462 -77.0746 38.9275

V 67484 -76.9967 38.8401

V 67506 -77.0449 38.9048

V 67537 -77.0033 38.9309

V 67570 -76.9803 38.9474

V 67586 -77.0547 38.9369

V 67616 -77.0356 38.9598

V 67651 -76.9955 38.8651

V 67663 -76.9643 38.9341

V 67723 -76.9984 38.9044

V 67755 -77.0938 38.9516

V 67770 -77.0601 38.903

V 67796 -77.0063 38.9566

V 67883 -77.0779 38.9195

V 68033 -77.0051 38.9401

V 68049 -76.9696 38.8906

V 68116 -77.0183 38.825

V 68193 -77.0616 38.9497

V 68255 -77.0502 38.9148

V 68301 -76.9653 38.9149

V 68366 -77.0467 38.8935

V 68422 -76.9631 38.925

V 68464 -77.0099 38.9065

V 68514 -77.0219 38.8826

V 68529 -77.0376 38.9497

V 68572 -77.071 38.9118

V 68621 -76.986 38.9278

V 68645 -76.9722 38.8683

V 68661 -76.9914 38.9193

V 68716 -76.9891 38.858

V 68756 -77.057 38.9261

V 68792 -76.9315 38.8836

V 68831 -76.9958 38.8909

V 68896 -77.0162 38.9072

V 68919 -77.0006 38.8813

V 68935 -77.0343 38.9622

V 69085 -76.9995 38.8965

V 69131 -77.066 38.9041

V 69144 -76.9612 38.8905

V 69191 -77.0333 38.928

V 69210 -77.1053 38.9285

V 69314 -77.0368 38.8952

V 69362 -77.0279 38.9821

V 69446 -77.0726 38.9258

V 69462 -76.9781 38.8971

V 69511 -77.0039 38.9663

V 69554 -76.9762 38.9362

V 69589 -76.9644 38.9251

V 69626 -77.0206 38.8998

V 69661 -77.0767 38.959

V 69739 -77.0042 38.9291

V 69822 -77.0126 38.9577

V 69875 -76.9456 38.869

V 69904 -77.0211 38.9178

V 69928 -77.0072 38.8452

V 69978 -76.9405 38.8696

V 70039 -77 38.8795

V 70079 -77.0124 38.9655

V 70140 -77.0417 38.917

V 70230 -76.9575 38.8623

V 70259 -77.0261 38.9276

V 70308 -77.1004 38.9217

V 70338 -76.979 38.9019

V 70354 -77.0346 38.9519

V 70374 -77.0936 38.9276

V 70440 -76.9363 38.8802

V 70473 -77.0763 38.9432

V 70532 -76.9407 38.8696

V 70577 -76.9756 38.8983

V 70601 -77.0761 38.9649

V 70635 -76.9596 38.869

V 70698 -76.9366 38.8991

V 70732 -76.979 38.8813

V 70762 -77.0327 38.902

V 70843 -76.9936 38.926

V 70881 -77.0189 38.9183

V 70902 -77.0416 38.9933

V 71022 -77.1031 38.9409

V 71073 -77.0154 38.9418

V 71207 -76.9801 38.9061

V 71223 -76.9589 38.8614

V 71259 -76.999 38.8927

V 71322 -77.0114 38.9013

V 71570 -76.9468 38.8653

V 71597 -76.9808 38.9401

V 71712 -76.9922 38.9042

V 71769 -76.9987 38.8258

V 71792 -77.0565 38.936

V 71866 -77.0467 38.9025

V 72030 -76.9637 38.9208

V 72045 -77.0571 38.9106

V 72075 -77.0137 38.9021

V 72142 -77.0847 38.9145

V 72256 -77.0105 38.954

V 72278 -76.9707 38.9082

V 72329 -77.0089 38.9303

V 72437 -77.0114 38.9634

V 72509 -77.0239 38.9178

V 72586 -76.9566 38.88

V 72637 -76.9817 38.9043

V 72667 -77.0395 38.8964

V 72693 -77.0281 38.8872

V 72727 -77.0242 38.9686

V 72759 -77.0032 38.9594

V 72784 -77.0078 38.9245

V 72803 -76.9998 38.8597

V 72829 -77.0695 38.9073

V 72871 -77.0131 38.9735

V 72897 -77.0174 38.9475

V 72957 -77.0219 38.9126

V 73006 -77.069 38.9537

V 73021 -77.035 38.9435

V 73106 -76.9301 38.8806

V 73145 -76.9832 38.8854

V 73203 -76.9997 38.8596

V 73221 -76.9413 38.8849

V 73245 -77.0357 38.9364

V 73268 -76.9522 38.8643

V 73286 -76.995 38.8775

V 73397 -76.9398 38.9025

V 73465 -77.0364 38.9562

V 73554 -77.0443 38.9122

V 73678 -77.0758 38.929

V 73715 -77.014 38.9433

V 73739 -77.0112 38.8973

V 73793 -77.0177 38.9057

V 73822 -77.0269 38.965

V 73848 -76.9819 38.9056

V 73870 -77.0171 38.9411

V 73917 -76.9845 38.9339

V 73955 -77.0297 38.9584

V 74001 -77.0596 38.9778

V 74033 -77.0332 38.9897

V 74067 -76.9855 38.8909

V 74095 -77.002 38.8936

V 74165 -77.0865 38.9102

V 74192 -77.0021 38.8416

V 74224 -77.0534 38.9142

V 74280 -77.009 38.9202

V 74316 -76.9796 38.8837

V 74342 -76.9712 38.9374

V 74363 -77.0113 38.9669

V 74501 -77.0463 38.9223

V 74541 -77.0121 38.8303

V 74577 -76.9187 38.8972

V 74636 -77.0275 38.9441

V 74693 -77.0803 38.961

V 74792 -76.9963 38.8466

V 74814 -77.0265 38.9086

V 74878 -77.0084 38.9554

V 74957 -76.9927 38.8337

V 75000 -76.9985 38.84

V 75037 -76.9836 38.8479

V 75091 -76.9639 38.8685

V 75254 -77.0377 38.9604

V 75314 -77.0337 38.9502

V 75335 -77.018 38.8983

V 75393 -76.9375 38.8829

V 75493 -76.9921 38.8954

V 75569 -77.021 38.9219

V 75588 -77.0853 38.9308

V 75705 -76.9627 38.9279

V 75732 -77.0006 38.8856

V 75833 -77.0882 38.957

V 75869 -76.99 38.8331

V 75981 -77.0906 38.9497

V 76006 -76.9762 38.9284

V 76033 -76.9786 38.8664

V 76070 -77.0073 38.9627

V 76122 -77.0696 38.9436

V 76170 -77.035 38.9456

V 76199 -77.034 38.9307

V 76224 -77.0186 38.9598

V 76245 -77.0633 38.9671

V 76266 -76.9623 38.8802

V 76323 -77.0177 38.8277

V 76356 -76.9744 38.9292

V 76417 -77.0354 38.9248

V 76444 -77.072 38.9266

V 76457 -77.0705 38.9579

V 76496 -77.0085 38.9252

V 76526 -77.0164 38.9517

V 76579 -77.1008 38.9367

V 76624 -76.9935 38.8447

V 76670 -77.0139 38.9428

V 76739 -77.0575 38.9689

V 76863 -77.0197 38.9794

V 76928 -76.9855 38.892

V 77020 -77.0962 38.9467

V 77070 -77.0442 38.9322

V 77185 -77.0075 38.9312

V 77243 -77.0704 38.9251

V 77275 -76.9944 38.8613

V 77324 -77.0721 38.954

V 77490 -76.9915 38.9473

V 77516 -77 38.8516

V 77594 -77.0246 38.9503

V 77622 -77.0062 38.9331

V 77722 -77.024 38.9141

V 77739 -76.932 38.8782

V 77791 -76.9897 38.9472

V 77820 -76.9944 38.8942

V 77863 -76.9561 38.8676

V 77908 -77.0506 38.9156

V 77932 -76.9658 38.876

V 77990 -76.9564 38.9268

V 78058 -76.9779 38.8996

V 78099 -77.0777 38.9475

V 78137 -76.9105 38.8919

V 78180 -76.947 38.9

V 78214 -76.9808 38.892

V 78276 -76.9286 38.9079

V 78298 -77.0192 38.9418

V 78333 -77.0296 38.9065

V 78359 -77.002 38.8887

V 78375 -76.9464 38.8838

V 78422 -77.0158 38.9142

V 78470 -76.9667 38.9341

V 78631 -76.9709 38.8708

V 78669 -77.0203 38.9375

V 78705 -77.0091 38.886

V 78740 -76.9995 38.8993

V 78774 -76.9499 38.9017

V 78854 -76.9283 38.8857

V 78956 -77.0405 38.9204

V 78991 -76.9985 38.8927

V 79100 -76.9531 38.8898

V 79148 -77.0561 38.9018

V 79180 -76.9801 38.8968

V 79210 -77.0474 38.9103

V 79279 -77.07 38.9184

V 79366 -77.0168 38.9632

V 79393 -76.9997 38.9367

V 79428 -77.0219 38.962

V 79435 -76.9878 38.8813

V 79470 -76.9743 38.8895

V 79501 -76.995 38.8827

V 79574 -76.957 38.8594

V 79613 -76.9811 38.8876

V 79627 -76.9663 38.8695

V 79731 -77.0205 38.8449

V 79806 -76.9977 38.8432

V 79885 -77.0738 38.9373

V 79938 -77.0721 38.9195

V 80030 -77.0205 38.9107

V 80067 -77.022 38.9491

V 80161 -77.0348 38.9408

V 80214 -77.0616 38.9283

V 80271 -77.0177 38.9432

V 80599 -76.9795 38.8777

V 81020 -77.0207 38.9474

V 81047 -77.006 38.9469

V 81074 -77.0212 38.9447

V 81102 -76.9222 38.901

V 81121 -77.0174 38.9126

V 81145 -76.9317 38.9072

V 81316 -77.0122 38.9353

V 81515 -77.0591 38.9659

V 81540 -77.037 38.9166

V 81611 -76.974 38.874

V 81643 -77.0848 38.9327

V 81686 -77.0297 38.9804

V 81772 -76.9278 38.8877

V 81876 -76.9344 38.8942

V 81900 -76.9928 38.9344

V 81938 -77.0501 38.8937

V 81991 -77.0372 38.9435

V 82099 -77.0141 38.9501

V 82152 -76.9833 38.8873

V 82207 -77.008 38.8234

V 82308 -76.9869 38.8401

V 82377 -77.0303 38.9519

V 82457 -77.0018 38.8656

V 82517 -76.9498 38.8612

V 82540 -77.0152 38.901

V 82566 -77.0375 38.9069

V 82634 -76.985 38.8921

V 82668 -77.0235 38.9072

V 82698 -77.0416 38.9065

V 82729 -76.9802 38.91

V 82768 -77.0167 38.9661

V 82808 -76.9416 38.8712

V 82839 -77.0242 38.9642

V 82879 -77.0569 38.9788

V 82937 -77.0439 38.9223

V 83039 -77.073 38.9491

V 83215 -76.9192 38.8965

V 83251 -77.0723 38.958

V 83265 -77.0172 38.9555

V 83315 -77.0238 38.9661

V 83333 -76.9902 38.8908

V 83351 -77.0568 38.9166

V 83368 -76.9419 38.8952

V 83527 -77.0327 38.9346

V 83643 -77.032 38.984

V 83796 -77.071 38.9463

V 83832 -77.0215 38.9752

V 83854 -76.9883 38.8828

V 83959 -77.018 38.9661

V 83974 -76.9808 38.8562

V 84010 -77.0035 38.8765

V 84041 -77.0848 38.959

V 84062 -77.0157 38.9145

V 84103 -76.9873 38.9207

V 84165 -77.0376 38.9148

V 84233 -77.0045 38.881

V 84264 -76.9839 38.9073

V 84313 -76.9253 38.8951

V 84365 -77.019 38.9188

V 84402 -76.9932 38.8962

V 84423 -76.9709 38.8683

V 84492 -76.9936 38.8433

V 84542 -76.9828 38.837

V 84577 -77.0434 38.9119

V 84595 -77.0259 38.9502

V 84633 -77.0106 38.8738

V 84663 -77.0702 38.9053

V 84705 -77 38.9256

V 84755 -77.0611 38.903

V 84829 -76.9926 38.8914

V 84877 -76.9907 38.8837

V 84893 -77.1013 38.9486

V 84988 -77.039 38.9861

V 85037 -77.0633 38.9654

V 85058 -77.0434 38.9068

V 85110 -76.9777 38.9378

V 85157 -77.0177 38.9377

V 85216 -76.9715 38.8481

V 85260 -77.0938 38.9488

V 85278 -77.0886 38.9578

V 85355 -77.0174 38.9775

V 85385 -76.9966 38.9047

V 85420 -77.009 38.8499

V 85539 -77.0792 38.9649

V 85577 -77.0179 38.9475

V 85808 -76.976 38.897

V 85873 -77.0838 38.9594

V 85912 -77.0097 38.9137

V 85970 -77.0352 38.88

V 86031 -76.9622 38.8613

V 86070 -77.0158 38.9082

V 86121 -77.0239 38.8849

V 86155 -76.9591 38.8948

V 86224 -77.0394 38.9025

V 86276 -77.0259 38.9584

V 86313 -76.9855 38.8879

V 86422 -76.9984 38.8892

V 86460 -76.9783 38.9414

V 86522 -77.0974 38.9181

V 86599 -76.9513 38.89

V 86654 -76.9855 38.8884

V 86738 -77.0435 38.9027

V 86771 -76.9962 38.8989

V 86790 -76.9531 38.9001

V 86823 -76.9583 38.9284

V 86868 -76.9988 38.8917

V 86911 -77.0091 38.8839

V 86925 -77.0291 38.9568

V 86989 -77.0067 38.9366

V 87044 -76.9334 38.8923

V 87122 -76.9472 38.8898

V 87147 -77.0152 38.8851

V 87175 -77.0664 38.9132

V 87336 -76.9311 38.9067

V 87381 -77.032 38.9134

V 87406 -77.0239 38.8599

V 87444 -77.0147 38.9104

V 87537 -76.9673 38.8569

V 87595 -77.085 38.951

V 87663 -77.0029 38.9574

V 87712 -77.0645 38.9658

V 87766 -77.0202 38.8243

V 87798 -76.9879 38.8846

V 87833 -77.005 38.8474

V 87853 -76.9926 38.882

V 87876 -77.0309 38.9197

V 87924 -76.9999 38.8961

V 87974 -77.0017 38.8423

V 88002 -76.9933 38.8584

V 88032 -76.9831 38.9434

V 88056 -77.0256 38.9195

V 88091 -76.9701 38.9292

V 88126 -76.9831 38.9221

V 88162 -77.0613 38.929

V 88220 -77.0267 38.9508

V 88318 -77.047 38.987

V 88365 -77.028 38.9519

V 88401 -76.9475 38.8694

V 88435 -76.9883 38.9008

V 88477 -77.0881 38.9095

V 88494 -76.9682 38.9389

V 88582 -77.1007 38.9407

V 88635 -77.0369 38.9073

V 88665 -76.9349 38.8936

V 88698 -76.9536 38.8882

V 88743 -76.9598 38.8848

V 88778 -77.0838 38.9493

V 88792 -77.0764 38.927

V 88828 -76.985 38.8821

V 88922 -77.0231 38.9372

V 89026 -77.0322 38.8836

V 89137 -77.018 38.965

V 89156 -77.0033 38.9526

V 89192 -77.0301 38.9001

V 89238 -76.9738 38.8606

V 89275 -77.0886 38.9268

V 89341 -76.9377 38.905

V 89392 -76.9757 38.8952

V 89447 -76.9871 38.8689

V 89490 -77.0824 38.935

V 89529 -76.9366 38.8983

V 89614 -77.0669 38.9154

V 89640 -76.9881 38.8907

V 89673 -76.9962 38.877

V 89693 -76.9737 38.9378

V 89769 -77.0808 38.9511

V 89822 -76.9529 38.8947

V 89893 -76.9609 38.8738

V 89907 -77.004 38.9593

V 89946 -76.9852 38.9156

V 89998 -76.9889 38.9495

V 90072 -77.0141 38.8994

V 90176 -76.9978 38.8632

V 90263 -77.0242 38.8829

V 90385 -77.0231 38.9366

V 90426 -76.9301 38.8919

V 90457 -77.0841 38.9066

V 90501 -77.0083 38.928

V 90575 -77.0297 38.9408

V 90596 -77.0406 38.9066

V 90626 -76.9774 38.8692

V 90748 -76.9915 38.8851

V 90793 -76.9742 38.9026

V 90852 -77.0598 38.9297

V 90893 -76.9984 38.9245

V 90931 -77.0887 38.9123

V 90954 -76.9366 38.8856

V 90980 -76.9865 38.8978

V 91006 -76.9678 38.8708

V 91034 -77.0287 38.9743

V 91058 -77.0394 38.9435

V 91128 -76.9504 38.8625

V 91168 -76.9727 38.9378

V 91191 -77.0363 38.9075

V 91220 -76.9271 38.8928

V 91360 -76.9503 38.8652

V 91504 -76.9714 38.9321

V 91576 -77.0571 38.9335

V 91655 -76.9552 38.8868

V 91751 -77.1024 38.9229

V 91794 -76.9371 38.9019

V 91851 -76.9637 38.9218

V 91894 -76.9849 38.9011

V 92004 -77.0794 38.9274

V 92033 -77.0568 38.9339

V 92562 -76.9966 38.9037

V 92622 -77.0308 38.9823

V 92644 -77.0598 38.9378

V 92682 -76.9735 38.8581

V 92765 -77.1 38.9229

V 92821 -77.0212 38.9682

V 92875 -77.0015 38.9185

V 92914 -77.0724 38.9463

V 93044 -76.9762 38.9044

V 93100 -77.0743 38.9524

V 93149 -76.9664 38.9264

V 93215 -76.9912 38.8637

V 93274 -76.9883 38.8856

V 93312 -76.9855 38.8806

V 93358 -77.0197 38.8277

V 93396 -77.0559 38.9349

V 93463 -76.9878 38.9029

V 93473 -77.025 38.9513

V 93540 -76.9192 38.8979

V 93559 -76.9608 38.8565

V 93598 -77.0278 38.9282

V 93674 -77.0266 38.9248

V 93720 -77.0803 38.9621

V 93783 -77.063 38.968

V 93820 -76.9795 38.8708

V 93896 -76.9732 38.9043

V 93949 -77.0283 38.9318

V 94006 -76.9457 38.8693

V 94089 -76.9933 38.8809

V 94107 -77.0242 38.9713

V 94143 -77.1091 38.9292

V 94172 -77.0215 38.9478

V 94225 -76.9833 38.9251

V 94414 -76.9781 38.9169

V 94458 -77.0174 38.8243

V 94502 -77.0242 38.9358

V 94604 -76.9324 38.9105

V 94637 -77.1063 38.9266

V 94702 -77.0771 38.9217

V 94727 -76.9822 38.8806

V 94746 -77.0013 38.8598

V 94817 -77.0253 38.958

V 94878 -76.9897 38.8847

V 94961 -77.0512 38.934

V 94984 -76.9966 38.9573

V 95019 -77.0926 38.9471

V 95063 -76.9879 38.878

V 95155 -77.0363 38.8793

V 95271 -76.9949 38.8498

V 95296 -76.945 38.8923

V 95327 -77.0018 38.8209

V 95379 -77.0678 38.9039

V 95409 -76.9773 38.892

V 95449 -77.0205 38.9606

V 95489 -76.9959 38.8519

V 95521 -77.0021 38.9306

V 95570 -77.0139 38.9477

V 95592 -77.0733 38.933

V 95646 -76.9966 38.8568

V 95700 -77.0746 38.961

V 95738 -77.0759 38.964

V 95762 -77.0593 38.9351

V 95847 -77.0587 38.8862

V 95903 -77.0126 38.8739

V 95994 -77.092 38.9448

V 96089 -77.0354 38.9346

V 96195 -76.9902 38.8957

V 96369 -77.0999 38.938

V 96425 -77.0116 38.9145

V 96490 -77.0388 38.9451

V 96653 -76.9596 38.8559

V 96716 -77.0162 38.9587

V 96817 -77.0325 38.949

V 96860 -77.0308 38.8979

V 97011 -77.082 38.921

V 97083 -77.084 38.9353

V 97136 -76.9424 38.906

V 97182 -77.0096 38.8193

V 97236 -77.0621 38.9047

V 97296 -77.0578 38.93

V 97320 -76.9832 38.8992

V 97361 -76.9284 38.8924

V 97404 -77.0179 38.8661

V 97512 -77.0066 38.8397

V 97552 -77.0554 38.9135

V 97688 -77.0061 38.9475

V 97736 -76.9822 38.9207

V 97782 -76.9619 38.8656

V 97836 -77.063 38.9068

V 97956 -76.9573 38.9126

V 98040 -77.0821 38.9529

V 98456 -76.9748 38.886

V 98469 -77.041 38.9398

V 98504 -76.9343 38.9124

V 98527 -77.0856 38.9542

V 98613 -77.0196 38.9446

V 98636 -76.9712 38.8566

V 98717 -77.0639 38.9724

V 98762 -77.0052 38.8488

V 98850 -76.9918 38.8447

V 99019 -77.0006 38.929

V 99090 -76.9757 38.9367

V 99111 -77.0921 38.9516

V 99182 -77.0191 38.9392

V 99269 -77.0102 38.8563

V 99319 -76.995 38.8863

V 99377 -77.0126 38.9197

V 99428 -77.0742 38.9603

V 99485 -76.9685 38.8509

V 99566 -76.9458 38.9056

V 99727 -76.9772 38.8965

V 99816 -77.0028 38.9617

V 99862 -76.9855 38.8973

V 99902 -77.0095 38.8819

V 100040 -77.0189 38.8813

V 100134 -76.9875 38.9058

V 100204 -76.9707 38.8974

V 100332 -76.9995 38.9181

V 100364 -76.9348 38.8736

V 100456 -76.9759 38.8675

V 100553 -76.9955 38.8892

V 100665 -77.0612 38.9047

V 100691 -77.0006 38.8872

V 100721 -76.9408 38.8796

V 100763 -76.915 38.8921

V 100825 -76.9275 38.9073

V 101016 -77.09 38.926

V 101042 -76.9882 38.9048

V 101089 -76.9503 38.8904

V 101172 -76.9412 38.8811

V 101230 -77.0364 38.9608

V 101268 -77.0183 38.941

V 101294 -76.9926 38.8961

V 101351 -77.0587 38.9116

V 101373 -76.97 38.8571

V 101427 -76.9837 38.8813

V 101484 -76.9261 38.88

V 101651 -77.0246 38.9667

V 101680 -77.0162 38.8793

V 101712 -77.0239 38.8253

V 101776 -76.9459 38.9046

V 101799 -77.089 38.9376

V 101878 -77.0326 38.9288

V 101923 -76.9742 38.9351

V 101960 -76.944 38.8795

V 102076 -76.99 38.8433

V 102200 -77.0838 38.951

V 102258 -77.024 38.9121

V 102286 -77.0223 38.9481

V 102332 -77.0206 38.9191

V 102382 -76.9898 38.9429

V 102490 -76.9814 38.8799

V 102576 -76.9762 38.876

V 102895 -76.9263 38.8923

V 102956 -77.0572 38.9775

V 103042 -77.0708 38.964

V 103095 -77.0627 38.961

V 103149 -77.0074 38.9577

V 103216 -76.9911 38.9546

V 103259 -76.9844 38.9018

V 103312 -77.0622 38.9792

V 103350 -77.0137 38.8821

V 103462 -76.9737 38.872

V 103506 -77.0536 38.8993

V 103538 -76.962 38.8778

V 103597 -76.9856 38.9085

V 103741 -77.0329 38.9654

V 103813 -77.0979 38.9279

V 103840 -77.0231 38.9502

V 103922 -77.0927 38.9554

V 103948 -77.0669 38.9037

V 104013 -77.0353 38.9287

V 104075 -77.0006 38.9613

V 104103 -77.0165 38.8431

V 104158 -77.0938 38.9413

V 104346 -76.9883 38.8967

V 104377 -77.0325 38.9849

V 104416 -77.0064 38.9366

V 104858 -76.9413 38.8679

V 104894 -77.0334 38.9562

V 104963 -76.9812 38.8682

V 104993 -77.0137 38.8673

V 105036 -77.0342 38.969

V 105082 -76.9601 38.8651

V 105111 -77.0377 38.9466

V 105175 -76.9976 38.9516

V 105247 -76.9578 38.9004

V 105362 -76.9272 38.8924

V 105403 -76.9909 38.881

V 105507 -77.0107 38.8733

V 105580 -76.9664 38.9211

V 105725 -77.0243 38.9502

V 105780 -76.9929 38.9275

V 105829 -77.0057 38.8411

V 105884 -77.0609 38.934

V 105957 -77.0207 38.9157

V 106011 -76.9922 38.9429

V 106034 -76.9813 38.9234

V 106102 -76.9354 38.8954

V 106189 -77.0162 38.9486

V 106259 -76.9721 38.8961

V 106351 -76.977 38.8413

V 106385 -76.9575 38.88

V 106449 -76.9844 38.9501

V 106518 -77.0396 38.9148

V 106573 -76.969 38.868

V 106625 -77.0044 38.9422

V 106711 -77.0586 38.9415

V 106834 -76.9747 38.8562

V 106907 -77.0423 38.9137

V 106941 -77.0643 38.9305

V 106985 -76.9596 38.8605

V 107049 -76.9967 38.8893

V 107095 -77.0129 38.916

V 107127 -76.9948 38.9217

V 107193 -77.057 38.9278

V 107298 -77.0107 38.8765

V 107361 -77.0434 38.9306

V 107466 -77.067 38.9649

V 107499 -77.0258 38.9691

V 107535 -77.0203 38.967

V 107656 -77.0658 38.9526

V 107716 -77.0001 38.8602

V 107832 -76.9282 38.8998

V 107898 -77.0276 38.9181

V 107945 -77.0028 38.8361

V 108122 -77.0276 38.909

V 108207 -77.026 38.9393

V 108238 -77.0212 38.9356

V 108257 -76.9523 38.8594

V 108322 -77.0338 38.9166

V 108390 -77.0181 38.9442

V 108452 -76.9985 38.888

V 108516 -76.9939 38.922

V 108548 -76.9375 38.8721

V 108748 -77.0555 38.9728

V 108782 -76.9242 38.9044

V 108897 -77.0151 38.8413

V 108914 -77.0932 38.9497

V 109143 -77.0186 38.9736

V 109198 -77.0258 38.9408

V 109226 -77.0759 38.9215

V 109340 -77.0638 38.9185

V 109390 -77.0155 38.8702

V 109443 -76.9392 38.8915

V 109619 -77.092 38.9248

V 109652 -77.0483 38.9014

V 109712 -77.0533 38.8931

V 109799 -77.0376 38.9827

V 109846 -77.0781 38.9587

V 109875 -76.9815 38.9301

V 109930 -77.0985 38.9192

V 109988 -76.9886 38.9021

V 110057 -77.0659 38.9303

V 110081 -77.0159 38.9137

V 110136 -77.1136 38.9357

V 110190 -76.9944 38.8932

V 110234 -77.0026 38.9218

V 110272 -77.0426 38.9276

V 110312 -76.9621 38.8783

V 110333 -76.9817 38.8704

V 110369 -76.9894 38.867

V 110471 -77.07 38.9155

V 110575 -77.0618 38.8864

V 110636 -76.9822 38.892

V 110659 -76.9756 38.8971

V 110707 -77.0434 38.9126

V 110771 -77.0039 38.9407

V 110794 -76.9767 38.9064

V 110827 -77.0115 38.9729

V 110905 -77.0134 38.9711

V 110953 -77.0221 38.8261

V 111033 -77.0394 38.9009

V 111318 -77.0532 38.9185

V 111362 -76.9827 38.8876

V 111456 -76.9904 38.8313

V 111564 -76.9815 38.8524

V 111626 -77.0213 38.9658

V 111660 -77.0174 38.9468

V 111705 -77.0279 38.978

V 111758 -76.9796 38.9076

V 111775 -76.9767 38.9316

V 111861 -77.0845 38.951

V 111913 -76.9972 38.8605

V 111949 -77.023 38.8948

V 112030 -76.9886 38.9453

V 112125 -77.0143 38.9002

V 112254 -77.0224 38.8235

V 112325 -77.0746 38.9676

V 112416 -76.9839 38.9065

V 112463 -77.0643 38.9764

V 112516 -77.0738 38.9226

V 112573 -77.0105 38.9156

V 112620 -77.009 38.921

V 112643 -77.0727 38.9131

V 112750 -77.0921 38.9221

V 112796 -77.082 38.9534

V 112856 -77.0239 38.9336

V 112921 -77.1107 38.9299

V 112986 -77.0292 38.9253

V 113035 -77.0224 38.8233

V 113064 -77.0035 38.9187

V 113109 -77.0137 38.8695

V 113280 -76.9727 38.8561

V 113335 -77.0611 38.9669

V 113482 -76.9905 38.8438

V 113528 -77.0374 38.9322

V 113611 -76.9786 38.9282

V 113656 -77.028 38.9224

V 113752 -76.9709 38.8448

V 113787 -77.021 38.9416

V 113850 -77.0334 38.9694

V 113983 -77.0069 38.8842

V 114031 -77.0277 38.9313

V 114075 -77.0456 38.9408

V 114159 -77.0356 38.9069

V 114194 -76.9757 38.9397

V 114310 -77.0364 38.9648

V 114433 -77.0739 38.9621

V 114479 -77.0285 38.9607

V 114516 -77.0346 38.9319

V 114628 -76.9802 38.9066

V 114681 -76.9817 38.9457

V 114867 -76.9937 38.927

V 114913 -77.0143 38.8215

V 115017 -77.0346 38.9066

V 115057 -76.9604 38.9265

V 115094 -76.995 38.8872

V 115160 -76.9366 38.9129

V 115234 -77.0887 38.9143

V 115269 -77.0202 38.9587

V 115328 -76.9513 38.8903

V 115373 -77.024 38.9042

V 115428 -77.0083 38.8914

V 115501 -76.9719 38.8715

V 115764 -76.9808 38.8682

V 115841 -76.9346 38.8893

V 115906 -76.9818 38.8785

V 116028 -77.0661 38.906

V 116177 -77.0048 38.9111

V 116286 -77.0245 38.9778

V 116403 -77.0896 38.9094

V 116433 -77.0069 38.9163

V 116472 -77.0247 38.9578

V 116576 -77.0509 38.9577

V 116652 -77.0351 38.9358

V 116723 -77.0535 38.8994

V 116839 -76.9569 38.9285

V 116918 -76.9565 38.8575

V 116980 -77.0062 38.9221

V 117019 -77.0209 38.9211

V 117100 -77.0303 38.9387

V 117211 -76.9871 38.9067

V 117300 -76.9736 38.898

V 117388 -76.9762 38.9321

V 117438 -76.9773 38.8893

V 117513 -77.0406 38.9476

V 117630 -76.9648 38.8626

V 117709 -76.9893 38.892

V 117792 -77.0417 38.9046

V 117856 -76.9722 38.913

V 117885 -77.0142 38.9704

V 117994 -77.0366 38.9007

V 118069 -77.0642 38.9069

V 118167 -76.99 38.9316

V 118226 -76.9937 38.8462

V 118262 -77.0058 38.922

V 118315 -77.0461 38.91

V 118339 -76.9694 38.8612

V 118481 -76.9919 38.9373

V 118525 -76.9794 38.8891

V 118588 -77.0729 38.9626

V 118653 -76.9128 38.8901

V 118674 -76.9897 38.8872

V 118717 -77.0677 38.9431

V 118764 -77.0303 38.9588

V 118792 -76.9148 38.8973

V 118830 -77.002 38.831

V 118868 -77.0105 38.97

V 118896 -77.0962 38.9484

V 118970 -77.0239 38.9414

V 119027 -76.9724 38.9173

V 119109 -77.07 38.961

V 119240 -76.9222 38.8999

V 119267 -77.01 38.8483

V 119305 -77.0105 38.9716

V 119354 -76.9899 38.8405

V 119400 -76.9293 38.8965

V 119422 -77.0778 38.9379

V 119473 -76.9815 38.8832

V 119509 -77.0071 38.8278

V 119642 -76.9745 38.8683

V 119691 -77.0084 38.8329

V 119753 -77.0905 38.9336

V 119957 -77.016 38.9552

V 120056 -77.0442 38.8964

V 120107 -76.9338 38.9007

V 120201 -77.0162 38.9133

V 120223 -77.0862 38.9504

V 120284 -77.0071 38.9632

V 120324 -77.0454 38.8844

V 120425 -76.9471 38.8851

V 120485 -76.9837 38.9115

V 120513 -77.002 38.8305

V 120592 -77.0876 38.9108

V 120681 -76.985 38.8597

V 120696 -77.0264 38.978

V 120748 -77.0819 38.9092

V 120815 -77.073 38.9187

V 120946 -76.9947 38.8735

V 121053 -77.0698 38.9514

V 121137 -76.9483 38.8898

V 121187 -77.0568 38.925

V 121258 -76.9679 38.858

V 121298 -76.9954 38.9335

V 121363 -77.0769 38.9673

V 121476 -77.0269 38.9295

V 121534 -76.9791 38.9458

V 121592 -76.9967 38.8914

V 121632 -77.0417 38.9119

V 121661 -77.0059 38.896

V 121714 -77.0059 38.9429

V 121808 -77.0084 38.9115

V 122097 -77.0621 38.9667

V 122168 -76.9838 38.9254

V 122268 -77.0174 38.9638

V 122355 -76.9728 38.8961

V 122490 -76.9579 38.8948

V 122622 -77.024 38.8939

V 122720 -77.0071 38.8308

V 122783 -76.9915 38.892

V 122815 -76.9976 38.9619

V 122837 -77.0006 38.8784

V 122879 -77.0395 38.8966

V 122990 -77.0212 38.9474

V 123051 -76.9707 38.9366

V 123102 -77.0211 38.9063

V 123207 -77.0055 38.9258

V 123232 -76.9426 38.8984

V 123293 -77.0153 38.9496

V 123518 -77.0461 38.9083

V 123654 -77.0091 38.8299

V 123710 -77.0575 38.961

V 123742 -77.0224 38.9627

V 123786 -77.0379 38.8988

V 123920 -77.059 38.9347

V 124055 -77.0318 38.885

V 124275 -76.9818 38.9306

V 124374 -77.0503 38.8974

V 124571 -76.9931 38.9173

V 124680 -76.9495 38.921

V 124770 -77.0173 38.9565

V 124818 -77.0501 38.8958

V 124908 -77.0621 38.9511

V 124965 -77.0073 38.9552

V 125093 -76.9273 38.8949

V 125137 -76.9752 38.9429

V 125209 -77.0338 38.9063

V 125259 -76.9732 38.8595

V 125440 -76.9312 38.9103

V 125605 -77.0176 38.9134

V 125824 -76.9741 38.8636

V 125920 -77.0653 38.928

V 126030 -77.0355 38.9026

V 126088 -77.0518 38.9342

V 126102 -77.0364 38.9451

V 126250 -77.0657 38.9705

V 126340 -77.0765 38.9471

V 126362 -76.9507 38.864

V 126431 -77.0303 38.9346

V 126477 -76.9236 38.904

V 126526 -77.0302 38.9086

V 126561 -76.9658 38.8603

V 126649 -76.9759 38.8559

V 126864 -77.0003 38.8264

V 126968 -77.0855 38.94

V 127010 -77.0402 38.9141

V 127083 -76.9645 38.8577

V 127171 -76.9798 38.8952

V 127281 -76.9736 38.9418

V 127359 -77.1037 38.9283

V 127398 -77.0637 38.959

V 127489 -76.9929 38.9265

V 127587 -77.0653 38.9068

V 127616 -77.0401 38.9244

V 127730 -77.0425 38.9038

V 127807 -77.0798 38.9552

V 127907 -76.9861 38.8986

V 127954 -76.9733 38.8512

V 128068 -77.0105 38.9487

V 128180 -76.9822 38.8824

V 128342 -76.9645 38.8515

V 128393 -76.9909 38.8846

V 128515 -77.055 38.9705

V 128561 -77.0152 38.913

V 128735 -76.9931 38.8892

V 128981 -77.0611 38.9658

V 129070 -76.9793 38.8453

V 129106 -76.9316 38.8806

V 129287 -77.0481 38.9104

V 129327 -77.0203 38.9526

V 129389 -77.0183 38.9532

V 129561 -76.9865 38.8691

V 129634 -77.0532 38.8925

V 129700 -77.0345 38.9163

V 129777 -77.051 38.9123

V 129844 -77.0501 38.8954

V 129929 -77.0348 38.9758

V 129984 -77.0016 38.8864

V 130027 -76.9883 38.8622

V 130043 -77.0219 38.8985

V 130103 -77.0059 38.84

V 130200 -77.0496 38.9111

V 130293 -77.0751 38.9552

V 130347 -77.0141 38.924

V 130555 -77.0157 38.873

V 130610 -76.9797 38.8559

V 130689 -77.0246 38.9077

V 130729 -77.0389 38.9314

V 130794 -77.0334 38.9683

V 130833 -76.9784 38.9471

V 130911 -77.0013 38.8952

V 130950 -76.9631 38.9245

V 130968 -77.0254 38.9077

V 131012 -77.0886 38.9448

V 131107 -77.0229 38.8816

V 131354 -76.9961 38.8561

V 131393 -76.9888 38.9418

V 131458 -77.0639 38.963

V 131544 -76.9996 38.8243

V 131626 -77.0886 38.9521

V 131684 -77.0481 38.9141

V 131823 -77.0199 38.9695

V 131858 -77.0752 38.9501

V 131934 -77.0964 38.9373

V 131981 -76.979 38.8858

V 132051 -76.9992 38.8534

V 132340 -76.9709 38.8454

V 132461 -77.0796 38.9533

V 132491 -76.9381 38.9027

V 132577 -77.0012 38.955

V 132690 -76.9808 38.861

V 132779 -77.0257 38.9199

V 132853 -77.0534 38.9757

V 133158 -76.9331 38.8774

V 133238 -77.0186 38.9327

V 133288 -77.0271 38.9287

V 133380 -76.9365 38.9119

V 133451 -76.9722 38.9379

V 133569 -76.9864 38.8591

V 133618 -77.0562 38.922

V 133736 -76.9949 38.8626

V 133775 -77.0139 38.8937

V 133828 -77.1049 38.9309

V 133895 -77.0281 38.8974

V 133939 -77.0564 38.9282

V 134081 -76.9968 38.8882

V 134122 -77.0708 38.9282

V 134236 -77.0998 38.95

V 134286 -77.0385 38.9254

V 134446 -77.0332 38.9437

V 134515 -76.964 38.9335

V 134653 -77.032 38.9398

V 134763 -76.9968 38.8578

V 134814 -77.0684 38.9645

V 134877 -77.0816 38.9533

V 135024 -77.0403 38.9237

V 135194 -77.0563 38.9537

V 135509 -77.0809 38.9247

V 135628 -76.9762 38.9047

V 135686 -77.0845 38.9275

V 135778 -77.0588 38.9368

V 135826 -77.0269 38.9732

V 135869 -77.014 38.8885

V 135949 -76.9836 38.8958

V 136042 -76.9938 38.8769

V 136098 -77.0357 38.9467

V 136219 -76.944 38.9037

V 136421 -76.9123 38.8904

V 136529 -76.966 38.9273

V 136639 -77.0513 38.8937

V 136752 -77.0567 38.9316

V 136865 -77.0203 38.9658

V 136897 -76.988 38.9293

V 136973 -77.0309 38.9342

V 137116 -76.9482 38.8849

V 137239 -77.0879 38.9104

V 137353 -76.9762 38.9311

V 137414 -77.0549 38.934

V 137458 -76.986 38.9387

V 137491 -77.106 38.9349

V 137583 -76.9701 38.9373

V 137636 -77.0592 38.9052

V 137703 -77.0266 38.9253

V 137743 -77.0164 38.9111

V 137903 -77.0565 38.964

V 138170 -76.9413 38.869

V 138245 -76.9859 38.8476

V 138430 -76.9958 38.9357

V 138492 -77.0205 38.8955

V 138655 -76.9757 38.9336

V 138844 -76.9661 38.8602

V 138902 -76.9519 38.9002

V 138976 -77.042 38.9442

V 139084 -76.9823 38.9274

V 139179 -77.0346 38.9134

V 139317 -76.9407 38.9072

V 139442 -77.0364 38.9615

V 139557 -77.0407 38.9414

V 139612 -77.0746 38.9192

V 139670 -76.9631 38.8802

V 139758 -77.002 38.8224

V 139912 -77.0221 38.9667

V 139984 -76.9247 38.8859

V 140159 -76.949 38.8943

V 140292 -77.024 38.8905

V 140385 -76.9967 38.8756

V 140486 -77.0282 38.965

V 140578 -77.0399 38.9126

V 140660 -77.0378 38.917

V 140781 -77.0477 38.9141

V 140920 -76.9471 38.9186

V 141124 -77.0313 38.9184

V 141175 -77.0281 38.8905

V 141266 -77.0345 38.9136

V 141387 -76.9892 38.859

V 141519 -77 38.9171

V 141563 -77.0288 38.9578

V 141659 -77.0117 38.9115

V 141733 -76.9987 38.9089

V 141847 -76.995 38.8998

V 141971 -76.9635 38.8799

V 142059 -76.9839 38.9086

V 142173 -77.0616 38.9279

V 142287 -77.0322 38.9403

V 142338 -76.979 38.8898

V 142386 -76.9648 38.8677

V 142494 -77.032 38.9101

V 142559 -77.0279 38.8824

V 142734 -76.9866 38.9231

V 142751 -76.9818 38.8904

V 142819 -76.9714 38.8552

V 142956 -77.0118 38.9048

V 143019 -77.0176 38.9656

V 143072 -77.0245 38.9724

V 143156 -76.9785 38.9068

V 143323 -77.0627 38.929

V 143392 -77.0813 38.9202

V 143504 -76.9712 38.853

V 143619 -76.9852 38.8578

V 143721 -76.989 38.8892

V 143804 -77.0297 38.9276

V 143915 -77.0777 38.9158

V 144039 -76.9699 38.9362

V 144119 -76.9838 38.922

V 144311 -77.063 38.9683

V 144362 -77.0063 38.9584

V 144459 -77.0061 38.9366

V 144588 -77.0932 38.9533

V 144652 -77.0679 38.9146

V 144754 -77.0418 38.9315

V 144871 -77.0189 38.9013

V 144944 -77.0302 38.9192

V 144990 -76.9772 38.8803

V 145081 -77.024 38.9097

V 145195 -76.9912 38.9006

V 145227 -76.9962 38.905

V 145315 -77.0042 38.9596

V 145419 -77.0152 38.8807

V 145540 -76.9409 38.8903

V 145611 -77.0926 38.9448

V 145778 -76.9885 38.8436

V 145917 -77.0054 38.9166

V 145969 -77.0046 38.9119

V 146037 -77.0247 38.9052

V 146063 -77.009 38.9691

V 146209 -77.078 38.9134

V 146289 -76.944 38.8979

V 146418 -77.0261 38.9525

V 146512 -76.9514 38.87

V 146555 -77.0182 38.9544

V 146614 -77.0325 38.9606

V 146700 -77.0171 38.9511

V 146799 -76.9734 38.9321

V 146918 -77.0765 38.9432

V 147059 -77.0122 38.8983

V 147108 -76.9841 38.888

V 147362 -77.0199 38.9598

V 147496 -77.0194 38.9086

V 147544 -77.0157 38.9006

V 147634 -76.9862 38.8841

V 147758 -77.076 38.9128

V 147835 -77.0169 38.8225

V 147930 -76.9766 38.9376

V 148103 -77.0699 38.9567

V 148192 -77.0502 38.9031

V 148331 -77.04 38.9355

V 148457 -77.0151 38.9488

V 148536 -77.056 38.9285

V 148627 -76.9771 38.8465

V 148786 -77.1013 38.9304

V 148953 -77.0087 38.8353

V 149131 -77.0097 38.9082

V 149263 -77.0113 38.827

V 149380 -77.0395 38.9624

V 149506 -77.0395 38.9893

V 150033 -77.0502 38.9498

V 150158 -77.0891 38.9186

V 150223 -76.9984 38.897

V 150396 -76.9487 38.9027

V 150438 -76.999 38.901

V 150507 -76.995 38.9002

V 150621 -76.9862 38.9367

V 150728 -76.9898 38.8639

V 150815 -77.0114 38.9038

V 150869 -77.0526 38.9184

V 150962 -76.9935 38.9418

V 151050 -77.0359 38.9146

V 151155 -76.9757 38.9362

V 151304 -76.9762 38.9367

V 151471 -77.0353 38.9019

V 151572 -77.0148 38.871

V 151638 -76.9594 38.8673

V 151731 -77.0842 38.9413

V 151828 -77.0078 38.9119

V 152131 -76.979 38.8828

V 152231 -77.0508 38.9035

V 152323 -77.0445 38.9875

V 152547 -77.0346 38.9107

V 152737 -77.0437 38.9234

V 152911 -76.9848 38.8612

V 152984 -77.0238 38.9391

V 153073 -76.986 38.9446

V 153162 -76.9722 38.9292

V 153275 -77.0697 38.9621

V 153359 -77.0229 38.9509

V 153394 -77.0865 38.9122

V 153499 -76.9426 38.8898

V 153577 -77 38.8623

V 153756 -77.0738 38.9244

V 153888 -76.9438 38.8796

V 154130 -77.0242 38.9494

V 154239 -76.9877 38.8441

V 154296 -76.9762 38.9448

V 154426 -77.0981 38.9257

V 154516 -77.0441 38.961

V 154717 -77.0091 38.8289

V 154877 -76.9681 38.9081

V 154969 -76.9757 38.8746

V 155177 -76.9797 38.9092

V 155278 -77.0372 38.9843

V 155418 -76.9995 38.8917

V 155477 -77.0239 38.9422

V 155637 -77.0584 38.9426

V 155789 -76.9654 38.879

V 155936 -77.0304 38.9573

V 156132 -77.0746 38.9215

V 156164 -76.9841 38.8837

V 156545 -77.0313 38.9188

V 156758 -76.9858 38.9006

V 157024 -76.9844 38.8484

V 157181 -77.0137 38.8862

V 157358 -76.995 38.8837

V 157512 -76.9879 38.8408

V 157612 -77.0362 38.9923

V 157755 -77.0303 38.9044

V 157827 -76.9979 38.9019

V 158035 -77.0189 38.8821

V 158164 -76.999 38.9407

V 158337 -76.9483 38.8931

V 158419 -76.9871 38.9407

V 158538 -77.026 38.882

V 158600 -76.9825 38.93

V 158658 -77.0417 38.8921

V 158712 -77.0135 38.8871

V 158870 -77.037 38.8795

V 159036 -76.9778 38.9403

V 159074 -77.0145 38.973

V 159149 -76.9861 38.9094

V 159275 -76.9421 38.8938

V 159327 -76.9484 38.8851

V 159422 -76.9626 38.8828

V 159605 -77.0239 38.943

V 159700 -77.0579 38.9382

V 159861 -77.0223 38.938

V 160184 -77.0278 38.9855

V 160376 -77.0126 38.9587

V 160462 -77.0938 38.9422

V 160622 -76.9831 38.9438

V 160785 -77.0285 38.936

V 160958 -76.9674 38.8752

V 161021 -76.9657 38.8602

V 161111 -77.0067 38.9265

V 161206 -77.0406 38.9388

V 161430 -77.0059 38.9422

V 161464 -76.9902 38.8841

V 161620 -76.9899 38.8587

V 162050 -77.0371 38.882

V 162210 -77.0566 38.9061

V 162328 -77.0297 38.9778

V 162459 -77.0581 38.9035

V 162572 -76.9301 38.8903

V 162887 -76.9891 38.9503

V 162973 -77.0116 38.917

V 163042 -77.0263 38.9568

V 163204 -76.9639 38.8802

V 163322 -77.04 38.9272

V 163428 -76.9991 38.9624

V 163590 -76.9571 38.8557

V 163798 -77.0291 38.91

V 163941 -77.0466 38.9135

V 164168 -76.9621 38.8897

V 164250 -77.0402 38.9097

V 164365 -76.9658 38.8707

V 164448 -77.0553 38.9216

V 164552 -76.9276 38.8892

V 164635 -76.9921 38.8817

V 164723 -77.0237 38.9703

V 164822 -76.9728 38.8541

V 164901 -76.9265 38.8979

V 165072 -77.0027 38.8665

V 165185 -77.0507 38.9334

V 165253 -76.9657 38.9372

V 165387 -76.9461 38.8991

V 165570 -77.0364 38.9697

V 165783 -76.9274 38.8913

V 165904 -76.9308 38.8898

V 166015 -76.9808 38.8964

V 166175 -77.0053 38.8199

V 166335 -76.9612 38.876

V 166403 -76.9419 38.9068

V 166530 -76.9836 38.8969

V 166618 -77.0035 38.8891

V 166712 -77.0551 38.8922

V 166975 -77.0634 38.9667

V 167096 -77.0839 38.9513

V 167278 -76.9338 38.9011

V 167509 -77.0155 38.9443

V 167719 -76.9945 38.8354

V 167957 -77.0565 38.9226

V 168132 -77.0168 38.8284

V 168327 -76.9863 38.9318

V 168738 -77.0187 38.8438

V 168990 -77.0462 38.9192

V 169317 -77.0187 38.9292

V 169512 -76.9973 38.892

V 169598 -77.0628 38.957

V 169712 -76.9862 38.904

V 169792 -76.9665 38.9362

V 169973 -77.0091 38.8996

V 170050 -77.0279 38.9799

V 170234 -77.0167 38.9065

V 170412 -76.9688 38.8607

V 170552 -76.9945 38.8989

V 170722 -77.0232 38.9585

V 170797 -76.9951 38.958

V 171146 -77.0449 38.9065

V 171317 -77.0587 38.9549

V 171396 -76.9877 38.8915

V 171546 -77.0376 38.878

V 171768 -77.0625 38.9598

V 171905 -77.0257 38.9787

V 171975 -77.0508 38.9042

V 172117 -76.9595 38.8676

V 172209 -77.0053 38.9409

V 172358 -76.9695 38.9245

V 172697 -76.9956 38.9006

V 172794 -77.0608 38.9109

V 172971 -76.9321 38.8898

V 173161 -76.977 38.9224

V 173391 -77.024 38.8826

V 173557 -77.0501 38.8996

V 173724 -76.9571 38.8556

V 174021 -76.9821 38.9195

V 174091 -76.9681 38.924

V 174232 -76.9991 38.9091

V 174372 -77.0239 38.8863

V 174496 -77.0107 38.894

V 174695 -77.0782 38.9254

V 174847 -77.0907 38.9571

V 174981 -76.9253 38.8935

V 175340 -77.025 38.909

V 175593 -77.0258 38.9299

V 175923 -76.974 38.8584

V 176285 -76.966 38.8583

V 176440 -77.0094 38.9295

V 176614 -76.9258 38.9047

V 176717 -77.0007 38.8422

V 176951 -76.9832 38.8729

V 177149 -76.9336 38.8739

V 177323 -76.9902 38.9025

V 177474 -77.0428 38.9849

V 178068 -77.0461 38.9691

V 178243 -77.0429 38.909

V 178330 -77.0107 38.9553

V 178588 -76.9797 38.8833

V 178908 -77.0733 38.9165

V 179083 -76.9946 38.8982

V 179248 -77.0597 38.9362

V 179498 -77.0234 38.9741

V 179764 -76.9762 38.8565

V 179968 -77.0528 38.9756

V 180441 -77.038 38.9356

V 180627 -76.9263 38.8972

V 180841 -77.0197 38.829

V 181031 -76.9832 38.8934

V 181119 -77.0219 38.8961

V 181396 -77.0358 38.8794

V 181596 -77.0431 38.9306

V 181809 -77.0974 38.9448

V 182060 -77.0753 38.9168

V 182229 -77.0985 38.92

V 182369 -77.0815 38.9565

V 182443 -77.1044 38.9295

V 182648 -77.0828 38.9303

V 182908 -77.0035 38.9176

V 182964 -77.0993 38.9504

V 183395 -77.0533 38.9863

V 183666 -76.935 38.8987

V 183878 -77.0675 38.9488

V 184006 -76.9885 38.8439

V 184190 -77.0071 38.9254

V 184500 -77.0141 38.957

V 184616 -77.0723 38.9584

V 185411 -77.0784 38.9467

V 185505 -77.0858 38.9124

V 185675 -76.9826 38.9192

V 185793 -76.9984 38.934

V 186105 -77.0136 38.8396

V 186288 -76.9477 38.8679

V 186656 -77.0746 38.9422

V 186757 -77.0057 38.8809

V 187029 -76.9299 38.8768

V 187213 -77.0034 38.8322

V 187380 -77.076 38.9188

V 187745 -77.0386 38.9588

V 187909 -77.002 38.8749

V 188167 -77.0318 38.9758

V 188428 -77.0239 38.9538

V 188591 -76.9732 38.8549

V 188660 -76.973 38.92

V 188883 -77.0013 38.8978

V 188954 -77.0478 38.8964

V 189203 -76.9378 38.9057

V 189382 -77.0229 38.9673

V 189601 -76.9938 38.9172

V 189789 -76.9606 38.9221

V 190015 -76.9873 38.9442

V 190140 -76.9813 38.8847

V 190235 -76.9883 38.8884

V 190317 -76.9984 38.8955

V 190609 -76.9547 38.8606

V 190704 -77.0943 38.9186

V 190921 -76.9871 38.9235

V 191365 -77.0086 38.919

V 191507 -76.9953 38.8431

V 191718 -77.0219 38.9486

V 191978 -76.9507 38.8953

V 192210 -77.0405 38.9051

V 192707 -76.9476 38.868

V 192904 -76.9505 38.922

V 193532 -76.9815 38.8908

V 193842 -77.0323 38.9257

V 194107 -76.9366 38.8995

V 194440 -77.0808 38.9112

V 194638 -77.0015 38.8978

V 194910 -77.086 38.9206

V 195211 -77.0567 38.9667

V 195652 -77.0295 38.987

V 195924 -77.0131 38.9572

V 196454 -76.9909 38.8951

V 196843 -76.981 38.8508

V 197193 -77.0137 38.8708

V 197332 -77.0609 38.9693

V 197740 -76.9361 38.9116

V 198289 -76.9309 38.9057

V 198708 -77.0318 38.9206

V 198774 -77.0752 38.9217

V 199022 -77.0502 38.9155

V 199237 -77.0241 38.952

V 199501 -77.0143 38.9673

V 199548 -76.9621 38.8898

V 199919 -77.0852 38.9111

V 200249 -77.0746 38.9256

V 200499 -76.9755 38.847

V 200770 -77.0443 38.9353

V 201103 -76.9754 38.906

V 201346 -77.0245 38.9174

V 201570 -76.9979 38.8905

V 201969 -76.9881 38.8422

V 202171 -77.0288 38.982

V 202287 -76.9978 38.9477

V 202482 -77.0658 38.9143

V 202766 -77.041 38.9256

V 202926 -76.9917 38.9365

V 203082 -76.9893 38.886

V 203251 -76.9792 38.9147

V 203402 -76.9288 38.8989

V 203493 -77.0197 38.824

V 203706 -77.0206 38.822

V 204434 -76.9295 38.8913

V 204771 -77.0538 38.905

V 205691 -76.9508 38.8648

V 205932 -77.0398 38.9223

V 206243 -77.0438 38.9301

V 206529 -77.0157 38.8747

V 206610 -77.0378 38.9317

V 206862 -77.0297 38.9541

V 207194 -76.97 38.8704

V 207342 -76.9437 38.87

V 207598 -77.0942 38.9227

V 207750 -77.0136 38.8934

V 208322 -76.9284 38.908

V 208515 -76.9465 38.8987

V 208824 -77.024 38.8887

V 209279 -76.9766 38.9379

V 209592 -76.9957 38.8756

V 210481 -77.0753 38.9594

V 210629 -77.0193 38.9699

V 211125 -77.0868 38.9298

V 211658 -77.099 38.9176

V 212052 -77.0106 38.8503

V 212229 -77.0912 38.9403

V 212569 -77.0443 38.9032

V 212920 -77.0117 38.8498

V 213451 -77.0189 38.9037

V 213640 -77.0519 38.902

V 213898 -77.0871 38.9147

V 214140 -77.0327 38.9013

V 214513 -77.0846 38.9088

V 214835 -77.0896 38.9369

V 215322 -76.9984 38.8609

V 215506 -76.9877 38.8996

V 215793 -76.9504 38.8877

V 216093 -77.0834 38.9334

V 216409 -76.9813 38.8933

V 216714 -76.9778 38.8891

V 217201 -77.0442 38.912

V 217841 -77.0016 38.9644

V 217933 -77.0039 38.955

V 218159 -77.0128 38.974

V 218353 -77.028 38.8887

V 218595 -77.0206 38.9162

V 218779 -76.9564 38.872

V 219189 -77.0592 38.9222

V 219572 -76.9658 38.8566

V 220033 -77.0199 38.899

V 220246 -77.0327 38.9166

V 220371 -76.9184 38.8857

V 220658 -77.0181 38.9285

V 221445 -77.0637 38.9505

V 221782 -77.0378 38.9079

V 222256 -77.0083 38.9694

V 222398 -77.1036 38.9365

V 222668 -76.9809 38.8461

V 223114 -76.9921 38.8985

V 223261 -77.0157 38.9762

V 224082 -77.0292 38.9483

V 224353 -76.992 38.902

V 224771 -76.9717 38.8692

V 225280 -76.9266 38.8813

V 225479 -77.0148 38.9385

V 225733 -76.9251 38.8999

V 226145 -77.0118 38.9043

V 226550 -76.9877 38.8994

V 227098 -76.9962 38.8406

V 227620 -76.9758 38.8692

V 228224 -76.9411 38.8929

V 228900 -77.0237 38.8826

V 229558 -77.0622 38.9453

V 230354 -77.0122 38.8637

V 230658 -77.002 38.8607

V 231049 -77.0751 38.9413

V 231400 -77.0562 38.9064

V 231586 -76.9968 38.93

V 232630 -77.0467 38.9897

V 233295 -77.0228 38.942

V 234108 -76.9722 38.891

V 234569 -77.0258 38.9305

V 234620 -77.0321 38.9891

V 235323 -76.9872 38.8338

V 235601 -76.9903 38.8979

V 235978 -76.9663 38.8568

V 236365 -76.9808 38.863

V 236970 -76.9949 38.8463

V 237237 -77.0381 38.9697

V 237750 -77.0058 38.9455

V 237880 -77.0097 38.8973

V 237965 -77.0105 38.9439

V 238018 -76.9384 38.8888

V 238088 -76.9605 38.8633

V 238155 -76.9827 38.8632

V 238186 -76.9981 38.8615

V 238633 -77.0554 38.9389

V 239090 -77.0646 38.9382

V 239539 -76.986 38.878

V 240018 -77.056 38.9017

V 240395 -77.0631 38.9081

V 240646 -76.9835 38.8494

V 240682 -76.9293 38.8811

V 240848 -77.02 38.8389

V 240898 -77.0197 38.8397

V 240926 -76.9988 38.9494

V 240968 -76.9964 38.9364

V 241031 -76.9987 38.9378

V 241076 -76.9756 38.9288

V 241311 -77.0772 38.9166

V 241794 -76.9924 38.8486

V 241930 -76.993 38.8473

V 241955 -77.0568 38.93

V 241975 -77.0332 38.925

V 242081 -77.0146 38.8219

V 242204 -76.9511 38.8888

V 242270 -76.9881 38.8444

V 242353 -77.0351 38.9333

V 242379 -77.0279 38.9858

V 242419 -77.0153 38.9152

V 242462 -77.0186 38.9765

V 242718 -76.9386 38.8836

V 243041 -76.9993 38.9343

V 243064 -77.0239 38.9313

V 243113 -76.9311 38.9072

V 243178 -76.9205 38.8962

V 243194 -76.9814 38.8437

V 243233 -76.9187 38.8893

V 243250 -76.9196 38.8888

V 243272 -76.9199 38.8881

V 243414 -76.9957 38.9057

V 243658 -77.0276 38.943

V 243819 -77.0014 38.9299

V 243900 -77.0495 38.899

V 243922 -77.0006 38.877

V 243968 -76.9962 38.9031

V 243984 -76.9924 38.9006

V 244052 -77.0765 38.9342

V 244129 -76.9964 38.9071

V 244244 -76.9934 38.9104

V 244341 -76.9577 38.9229

V 244442 -77.0006 38.837

V 244567 -77.0879 38.918

V 244776 -76.9897 38.9113

V 245114 -77.0077 38.9209

V 245231 -77.0547 38.9407

V 245370 -76.9837 38.8441

V 245423 -77.0063 38.8324

V 245446 -77.0006 38.8313

V 245652 -77.0242 38.9211

V 245684 -76.9865 38.8575

V 245872 -76.9793 38.9125

V 245958 -77.0189 38.8772

V 246083 -76.9915 38.8474

V 246240 -77.1075 38.927

V 246267 -77.075 38.9581

V 246345 -76.9814 38.9088

V 246403 -77.04 38.8995

V 246411 -77.0402 38.9019

V 246426 -77.0422 38.9008

V 246449 -77.0332 38.9068

V 246606 -76.9826 38.8484

V 246640 -76.9815 38.8474

V 246741 -77.0155 38.9278

V 246803 -77.0091 38.872

V 246915 -77.0012 38.9527

V 247005 -76.9702 38.9122

V 247296 -76.9868 38.9162

V 247408 -77.0314 38.898

V 247449 -77.0335 38.9042

V 247617 -76.9874 38.8593

V 247847 -76.9765 38.8506

V 248106 -77.0165 38.8253

V 248248 -77.0542 38.8961

V 248341 -76.9798 38.85

V 248491 -77.0141 38.9287

V 248685 -76.9804 38.9148

V 248888 -76.973 38.8814

V 248933 -76.979 38.9091

V 249005 -77.0028 38.9171

V 249069 -77.0535 38.9479

V 249169 -77.0296 38.9131

V 249196 -77.021 38.9066

V 249218 -77.0131 38.9289

V 249573 -77.0508 38.899

V 249589 -77.0556 38.8941

V 249698 -77.0128 38.9301

V 249747 -77.0134 38.9278

V 249901 -77.0193 38.8803

V 249947 -76.977 38.8735

V 249975 -76.9958 38.9447

V 250095 -76.9772 38.8644

V 250272 -76.9599 38.9229

V 250330 -76.9534 38.8822

V 250525 -77.0214 38.9031

V 250539 -77.0151 38.8978

V 250620 -76.9933 38.875

V 250748 -76.9524 38.8724

V 250775 -76.9854 38.8629

V 250873 -76.9294 38.8973

V 250939 -76.9361 38.9002

V 250966 -76.9296 38.8812

V 251013 -76.9826 38.8439

V 251230 -76.9826 38.848

V 251243 -76.9815 38.8504

V 251421 -76.9895 38.888

V 251814 -76.95 38.8881

V 251897 -76.9836 38.8506

V 252432 -76.9841 38.8499

V 252610 -77.035 38.9245

V 253217 -77.0605 38.9061

V 253362 -77.0314 38.9008

V 254170 -76.9498 38.8619

V 254205 -76.9847 38.8498

V 254790 -77.0619 38.9467

V 255313 -76.9885 38.8575

V 255773 -76.9263 38.9064

V 256015 -76.9832 38.921

V 256328 -76.9535 38.8606

V 256771 -76.9773 38.851

V 257255 -76.9621 38.8594

V 257586 -76.9795 38.8488

V 258269 -76.9762 38.8813

V 258395 -76.9739 38.8822

V 258435 -76.9805 38.8501

V 258475 -77.0107 38.8964

V 258604 -77.0145 38.9754

V 258803 -76.9533 38.9232

V 258831 -76.9522 38.9233

V 258852 -77.0009 38.877

V 258949 -76.9782 38.8655

V 259003 -77.0353 38.9687

V 259042 -76.9779 38.8662

V 259107 -76.9552 38.9223

V 259188 -76.9658 38.92

V 259236 -76.9851 38.9111

V 259283 -77.0729 38.957

V 259381 -77.0318 38.8799

V 259443 -77.0252 38.875

V 259632 -76.9524 38.9227

V 259725 -77.0206 38.9767

V 259807 -76.9797 38.9391

V 259906 -77.0357 38.9682

V 260078 -77.025 38.8974

V 260160 -76.9506 38.9224

V 260227 -77.0851 38.9152

V 260291 -77.0102 38.9021

V 260448 -77.0429 38.922

V 260621 -76.9556 38.9227

V 260688 -76.9566 38.9225

V 260703 -76.9564 38.9242

V 260760 -76.9506 38.902

V 261385 -77.027 38.9523

V 262476 -77.0008 38.8425

V 262496 -77.0271 38.8228

V 262554 -77.0216 38.823

V 262597 -76.9977 38.9277

V 262748 -77.0338 38.8819

V 262791 -77.0656 38.9211

V 262828 -77.0062 38.963

V 262939 -76.9556 38.9244

V 263031 -77.0009 38.8612

V 263117 -77.0024 38.8606

V 263236 -77.0497 38.8864

V 263444 -76.9947 38.874

V 263488 -76.9938 38.8738

V 263540 -77.0659 38.9208

V 263718 -76.971 38.8846

V 263736 -77.0229 38.8259

V 263837 -77.0193 38.8297

V 263865 -77.0415 38.9212

V 264029 -76.9843 38.9108

V 264183 -76.9515 38.9224

V 264377 -76.9614 38.9194

V 264478 -76.95 38.9029

V 264510 -76.9849 38.8859

V 264531 -77.0207 38.8764

V 264617 -77.0776 38.9507

V 264779 -77.0762 38.9074

V 264897 -77.0364 38.9755

V 264959 -77.0318 38.9286

V 265173 -76.9917 38.8758

V 265238 -77.0253 38.8799

V 265340 -77.0261 38.8811

V 265421 -77.082 38.9526

V 265715 -77 38.9264

V 266112 -77.0261 38.9315

V 266337 -76.9768 38.8516

V 266538 -77.018 38.9153

V 266553 -76.989 38.9232

V 266813 -76.9993 38.863

V 266916 -76.9727 38.8876

V 267043 -77.0606 38.8859

V 267413 -77.0657 38.9102

V 267448 -76.9991 38.8903

V 267555 -77.028 38.9758

V 267688 -77.0034 38.9263

V 267759 -76.9921 38.8911

V 267883 -76.92 38.8888

V 267948 -76.9984 38.9269

V 268002 -76.9691 38.9129

V 268030 -76.9702 38.9134

V 268108 -77.0221 38.8211

V 268231 -77.0224 38.8366

V 268380 -77.0655 38.9207

V 268642 -76.9718 38.8879

V 268743 -77.0055 38.9637

V 268841 -76.9545 38.9234

V 269010 -76.9977 38.9326

V 269058 -77.002 38.8941

V 269681 -77.0088 38.8578

V 270043 -76.999 38.8519

V 270094 -76.9862 38.8821

V 270110 -76.986 38.8816

V 270177 -77.0003 38.8784

V 270205 -76.9317 38.8983

V 270342 -76.9876 38.8816

V 270395 -77.0888 38.9129

V 270908 -76.9801 38.873

V 271124 -77.0138 38.8135

V 271397 -77.0439 38.9092

V 271683 -77.0379 38.9013

V 271842 -77.0244 38.9178

V 271885 -77.0117 38.8697

V 271975 -77.0258 38.9289

V 272194 -76.991 38.8736

V 272402 -77.0174 38.8337

V 272472 -76.9923 38.8596

V 272881 -76.9359 38.8859

V 273011 -76.9913 38.8733

V 273157 -76.9893 38.8758

V 273278 -76.9983 38.9292

V 273374 -76.9979 38.9289

V 273929 -77.0132 38.8142

V 274100 -76.9847 38.9299

V 274566 -76.998 38.9293

V 274676 -76.9815 38.8723

V 274791 -76.9919 38.8303

V 274957 -76.983 38.8489

V 275110 -76.9495 38.9034

V 275865 -77.0877 38.9358

V 275967 -77.0177 38.9013

V 276108 -77.0135 38.8391

V 276393 -77.0235 38.8206

V 276692 -76.9973 38.9314

V 276801 -77.0184 38.8232

V 276972 -76.969 38.9145

V 277199 -77.0184 38.9019

V 277906 -77.0069 38.9611

V 278717 -77.0339 38.9037

V 278768 -77.0217 38.8225

V 279313 -77.0008 38.8798

V 279332 -77.0013 38.8784

V 279441 -77.0745 38.9393

V 280239 -76.9447 38.9023

V 280376 -77.0551 38.9251

V 280494 -77.0836 38.9069

V 280634 -76.9904 38.8765

V 281552 -77.1083 38.9357

V 281704 -76.9989 38.8732

V 282064 -76.995 38.8786

V 282672 -77.0224 38.9325

V 282871 -76.9312 38.8979

V 282924 -77.0851 38.9388

V 283195 -76.9742 38.8755

V 283547 -76.9296 38.904

V 283629 -77.1061 38.9367

